0,0
1,1
2,2
3,3
4,4
5,5
6,6
7,7
8,8
9,9
10,10
11,11
12,12
13,13
14,14
15,15

0,49.7742889039,9.73284518582,
0,80.3334609573,7.02635833659,
0,143.526525883,11.905117955,
0,169.999052616,10.9716661671,
0,189.97737989,8.84144895975,
0,286.157834912,9.3451160414,
0,300.029208514,11.488219945,
0,464.590104288,5.20300746831,
0,522.192254132,7.00218025684,
0,569.933911884,16.9706276532,
0,640.83798995,7.95252107861,
0,669.985507964,11.5333637361,
0,689.667669305,3.6248338856,
0,702.16110498,7.40743233573,
0,727.585566361,7.47444026455,
0,766.507344388,8.07766901122,
0,789.989036351,9.03569203338,
0,820.701095365,4.91440241375,
0,849.495264899,9.78702016629,
0,945.256515388,11.3034268186,
0,969.907919992,8.69972490697,
0,1068.99765902,6.35860193224,
0,1128.30620792,10.08589663,
0,1161.32011499,10.8806642158,
0,1184.34469523,10.7893164544,
0,1203.48098395,8.4207461029,
0,1242.73195656,6.28229733287,
0,1269.94275717,4.67716318616,
0,1309.89341004,5.77500100583,
0,1389.78564274,12.4534173642,
0,1468.57576447,9.30207327837,
0,1489.99885216,5.62763374333,
0,1529.95980713,8.46136068972,
0,1565.59880773,5.7739186742,
0,1609.77497768,16.9387254437,
0,1646.56778019,3.27220324784,
0,1669.97885189,7.83873717374,
0,1709.57527311,7.14751634034,
0,1749.55070129,8.11227392103,
0,1789.95726915,7.96993396426,
0,1809.2809724,5.87725737448,
0,1827.98104493,3.09622405171,
0,1880.60822551,8.17379235571,
0,1949.41358463,11.7509831066,
0,1969.52569203,5.27124972407,
0,1980.29161473,4.82472717413,
0,2020.22763114,7.87427770122,
0,2041.45091112,7.26390545505,
0,2066.82590676,4.00172032368,
0,2109.84841163,4.04403769836,
0,2129.7980933,6.95128189805,
0,2149.78560525,10.0796207501,
0,2209.6585104,2.63262058702,
0,2225.79427506,12.3094365079,
0,2248.88090705,11.1952900863,
0,2266.10993303,5.51408557674,
0,2289.99129009,10.3129185274,
0,2327.09581369,5.49341954976,
0,2369.22471824,8.11448669326,
0,2409.85641166,10.2663525085,
0,2425.54296161,4.00263720039,
0,2461.70491604,4.91065197798,
0,2569.93060808,9.76609183796,
0,2669.9989643,6.18232364683,
0,2689.25799038,9.97815139818,
0,2729.99861875,8.12554577721,
0,2768.57747572,6.64046931812,
0,2789.935071,9.84709576763,
0,2821.09346825,7.03692474981,
0,2881.83259811,12.6524760896,
0,2901.01049944,7.57755492066,
0,2920.30914866,5.54208852651,
0,2948.49871622,10.8847944132,
0,2969.10032867,4.51284020354,
0,3007.0558283,12.4989402274,
0,3049.99514939,14.1637386117,
0,3121.21727565,6.33622771698,
0,3146.57633669,9.27159023762,
0,3160.10148764,10.3919660793,
0,3222.43467781,8.42340444687,
0,3249.05318236,3.38981176009,
0,3269.99787221,3.28828245029,
0,3309.86932512,8.2101620777,
0,3329.88877012,16.8445433935,
0,3429.86186103,10.9346655271,
0,3444.37799524,6.52047095181,
0,3469.54474398,12.2571235691,
0,3482.38255114,9.36666847274,
0,3569.50136935,5.52811939616,
0,3609.98951562,10.3557726906,
0,3629.56198199,6.82272216398,
0,3689.52970662,6.57938174451,
0,3747.27062729,3.11778775338,
0,3762.33398882,5.3509239987,
0,3800.15551191,5.92818309917,
0,3848.76851949,14.5708988084,
0,3869.01975882,4.18208474885,
0,3880.62834257,8.54651402277,
0,3901.85791542,7.15960886153,
0,3949.99140104,7.66968855169,
0,3966.98570169,7.17832314128,
1,40.7201652642,12.6817863534,
1,88.2957026966,4.19683646478,
1,148.905051665,4.13655651207,
1,160.139972944,9.83778759157,
1,283.033371354,7.89917169854,
1,308.825573108,11.1192003643,
1,400.005,6.46073038031,
1,467.581969402,2.86526312126,
1,509.168714191,8.7718108407,
1,528.393916143,14.7565733538,
1,564.483993894,9.58269084494,
1,603.217290239,6.84133527425,
1,649.200068968,10.1191481479,
1,664.621089112,15.6992740653,
1,683.165990451,14.2107576399,
1,707.250439591,6.37495095141,
1,723.779610137,6.21934689733,
1,769.877933613,10.1669642251,
1,782.816729865,5.62026867819,
1,820.507721412,10.2236583231,
1,947.670449708,7.08684970432,
1,969.775586226,4.82080781176,
1,989.919938015,5.42596478817,
1,1068.87035442,11.3152676525,
1,1169.35799649,9.84897466542,
1,1189.94666946,9.72031996015,
1,1209.75171678,7.64109611564,
1,1247.87059817,7.67363473172,
1,1269.79812205,10.3668209724,
1,1309.97756298,9.04863969254,
1,1389.99655513,12.1114898833,
1,1469.99322418,7.45240723197,
1,1489.97935342,8.8518973972,
1,1529.57764828,6.27272270082,
1,1569.75482304,6.02108384113,
1,1609.8350918,9.59049475479,
1,1629.66315528,5.13506274454,
1,1649.9383773,5.91802168504,
1,1669.98702363,5.78844800405,
1,1741.98414598,10.8430539129,
1,1785.8460579,5.96409552347,
1,1800.99582701,7.41238875786,
1,1840.005,3.53570030607,
1,1860.005,7.42238170547,
1,1889.95314402,5.98407410677,
1,1949.75200026,9.78098473611,
1,1965.11086417,7.85000459968,
1,1987.57734118,5.50872769452,
1,2029.82947858,8.7468611265,
1,2047.5075909,5.60265287445,
1,2068.98043298,6.46435201579,
1,2109.86247777,13.7933342485,
1,2129.71063821,10.6483822403,
1,2146.37531472,6.59078415569,
1,2204.31222604,4.01045629042,
1,2225.22637064,8.22460182284,
1,2263.56055918,10.9702993713,
1,2289.96733155,8.9314890397,
1,2309.76010446,3.80286561072,
1,2329.95334952,7.99888773959,
1,2369.39822126,7.36145054041,
1,2382.29040759,3.47694915832,
1,2409.7395989,6.31892632112,
1,2429.98394613,8.87724483924,
1,2469.76704437,6.72909893688,
1,2569.83714541,6.64794886071,
1,2669.95698357,10.2599306803,
1,2680.51672116,8.47001764078,
1,2725.01529476,9.85023081387,
1,2769.9294043,8.7575875418,
1,2789.66800789,9.06231650152,
1,2829.17234832,13.5400423148,
1,2885.01759379,4.48421271459,
1,2909.8326338,10.6856126864,
1,2929.84386232,4.943482903,
1,2949.76536522,12.4753565617,
1,2969.84758694,4.60134228193,
1,3008.56517864,13.4463024438,
1,3049.99160261,8.61568361883,
1,3121.50900005,5.92933439642,
1,3164.36498816,9.2085720361,
1,3229.43352204,12.1490804097,
1,3248.68977266,8.37443032491,
1,3269.77240247,13.2493574808,
1,3306.11167945,5.32236197513,
1,3329.97765914,7.65693814848,
1,3360.005,15.9459411149,
1,3409.61065635,6.45857592677,
1,3428.97978838,4.53253947863,
1,3446.07621398,9.01108231259,
1,3469.62147158,8.03361656565,
1,3489.96790246,5.69740605016,
1,3564.70273674,4.0814363387,
1,3609.92830511,13.1815764978,
1,3680.79177999,8.15655130958,
1,3743.01088324,5.92974034593,
1,3766.52867865,6.78611678239,
1,3809.01305858,10.9184072953,
1,3863.52528979,9.10571060932,
1,3889.95344443,8.6830185278,
1,3909.33452538,7.58928506823,
1,3949.94859053,5.37842008135,
2,41.2816894168,6.34901489372,
2,83.9349714694,3.40068148066,
2,149.553007723,10.5588476963,
2,169.992270864,6.11130148754,
2,188.366541478,6.85074037664,
2,242.100931586,9.34507552263,
2,282.424866845,5.57399963234,
2,304.96212654,9.3651717865,
2,469.474929408,7.69947748182,
2,528.761884727,10.546810224,
2,567.968523339,8.67737809191,
2,588.875643966,10.999152144,
2,609.894977445,6.41304194653,
2,649.780097571,6.72441305841,
2,669.99817785,5.13986877782,
2,686.636772518,12.5212785631,
2,722.872858342,11.6722749662,
2,769.768984583,6.78366406126,
2,789.969009766,10.7399906844,
2,822.618585794,7.23921319679,
2,909.838161224,6.70696513878,
2,949.9949213,4.31004784451,
2,969.988562197,9.51884038282,
2,986.721043981,7.29658318331,
2,1069.83603748,5.82622761064,
2,1165.59117087,7.79902646304,
2,1189.97330748,7.26551856113,
2,1208.19353903,9.06405974081,
2,1249.31054164,5.1438987002,
2,1263.52706627,8.81898867589,
2,1309.93053367,12.6026265333,
2,1389.89193419,8.03314617583,
2,1461.2384219,5.82415943276,
2,1489.91388629,11.4396155999,
2,1522.95783492,10.0163392445,
2,1568.93389348,10.7791424062,
2,1600.39289168,4.08048564348,
2,1626.94242737,6.26336219419,
2,1661.15376124,7.41789043161,
2,1741.7353052,8.80382347553,
2,1780.75468508,8.40530098238,
2,1805.67806958,10.2833792841,
2,1829.2804101,11.1457985208,
2,1888.41739204,3.59855368229,
2,1944.64573082,4.30064786677,
2,1961.37002508,11.2876960773,
2,1980.78891905,11.1270435923,
2,2029.7277994,12.4796006901,
2,2069.93556883,6.66663413885,
2,2109.98903934,3.44207825598,
2,2129.75294987,14.1163329851,
2,2209.56834522,12.4646131021,
2,2229.90017024,6.19189860676,
2,2249.34931677,7.51725832361,
2,2269.29862017,8.67924393787,
2,2289.87571419,9.53419103486,
2,2309.96125549,8.22359088711,
2,2329.4966754,7.3861069192,
2,2365.56851534,6.90586567766,
2,2409.94205078,4.54409635561,
2,2429.78223503,6.91373789732,
2,2469.85815722,18.4186109015,
2,2562.03103344,6.24901683952,
2,2663.49722472,6.55984620718,
2,2686.42686709,7.13434203249,
2,2726.22886779,5.08088642115,
2,2782.75079926,11.8779767796,
2,2828.65754859,6.92790336932,
2,2882.74832086,9.9585542985,
2,2904.94949882,7.14561525486,
2,2929.95814503,6.17316452105,
2,2949.72927884,10.2367596816,
2,2969.62858615,13.1556443233,
2,3040.5374011,7.21385759294,
2,3123.70636911,4.25730322084,
2,3149.42482479,5.85889474356,
2,3168.53746825,6.76441246604,
2,3229.3185251,6.35358801118,
2,3249.9972045,4.41833220819,
2,3261.04765803,8.6270839839,
2,3303.67319244,8.06119006242,
2,3324.56455172,8.10321100463,
2,3408.85262438,6.89416918997,
2,3429.99458143,2.87068014287,
2,3449.09098538,9.43058885576,
2,3468.61168937,8.53051199461,
2,3489.88233668,9.43620472089,
2,3560.8758493,5.80881264228,
2,3601.58382025,6.78378251124,
2,3628.85236696,10.1103939361,
2,3680.62614729,9.84122123884,
2,3743.69502885,6.90527033877,
2,3769.84169182,10.102926329,
2,3806.02314455,11.2386944644,
2,3849.09149056,13.4023344275,
2,3886.22531201,4.86265935634,
2,3903.56358159,10.1637263361,
2,3925.97067042,8.26221277959,
2,3949.9554357,7.74169660012,
2,3961.45276914,8.26609281245,
3,41.3700148962,7.9623819086,
3,81.2895113854,5.70058861663,
3,146.773089082,13.3032899487,
3,168.08919962,6.86131018057,
3,285.479689361,5.27700279696,
3,308.679745079,7.59289314894,
3,360.005,10.3206937338,
3,407.94794208,6.66127000197,
3,569.907668997,7.29661146634,
3,648.76525933,3.02290809817,
3,669.93140284,13.6274461755,
3,689.882674173,7.64050503182,
3,709.910028593,11.9469386206,
3,724.443757186,7.00461931012,
3,769.545661607,7.8361864264,
3,789.873803064,5.49575202235,
3,949.513647121,8.74035243379,
3,969.999226008,7.17976594517,
3,1069.66661641,6.19282447757,
3,1162.63491845,4.96039669106,
3,1182.10070845,8.81101424921,
3,1209.97827581,6.58711421176,
3,1249.57907125,7.53087117511,
3,1263.42039106,2.06532713357,
3,1309.16781095,4.86293063503,
3,1386.08089925,6.68550439375,
3,1469.99358727,4.22483053516,
3,1480.03965597,9.64811671076,
3,1528.06360075,7.85044654685,
3,1569.36136497,10.3726032447,
3,1607.75744392,9.39577477967,
3,1628.1497882,10.0713825885,
3,1646.54880623,4.65316909606,
3,1669.99825262,6.39099316862,
3,1741.16989194,9.37087578696,
3,1781.37973844,7.51869925902,
3,1809.9307428,5.22136947034,
3,1829.32502186,3.79976781643,
3,1887.74076315,6.68335888826,
3,1949.88203156,7.09394290801,
3,1962.5515553,13.0995895518,
3,1989.31729192,5.39985413873,
3,2029.98205993,11.4071620041,
3,2047.15454293,11.2141383201,
3,2068.82343298,8.40937363541,
3,2105.54690843,4.30612785844,
3,2128.0722491,7.0026893686,
3,2229.49032382,7.32661546802,
3,2269.98315826,8.32458214309,
3,2285.00276741,4.25784893411,
3,2307.77111045,4.89607893947,
3,2327.85786555,8.96201079345,
3,2369.89341774,15.255780074,
3,2462.11285048,8.00897119187,
3,2485.82110857,14.3489108746,
3,2520.005,7.75299189637,
3,2569.87360589,6.23779582923,
3,2669.98323998,12.7132591365,
3,2688.62984714,7.35984299342,
3,2729.74608786,8.45796583413,
3,2789.5579639,7.04468660793,
3,2828.84553713,8.2776464963,
3,2887.59558044,4.85557986274,
3,2908.53882139,10.4928306067,
3,2929.65010684,9.9639106377,
3,2949.31820754,6.26209480851,
3,2966.08022034,7.98091331153,
3,3009.03108578,5.37667476277,
3,3049.97751951,3.58442753671,
3,3122.77389274,6.01142894323,
3,3161.54122997,5.26756444767,
3,3229.02506427,4.20132444519,
3,3249.32004078,14.3890096681,
3,3306.62427611,10.2111037505,
3,3329.82600564,6.77875735959,
3,3366.59105131,7.87291659095,
3,3429.06914081,7.25120806017,
3,3444.80970965,9.66431293307,
3,3569.98090282,8.87192667109,
3,3609.59595906,7.52176163436,
3,3629.93580579,10.6822082681,
3,3685.47485949,8.35657495814,
3,3749.46421279,10.0968919838,
3,3764.14821394,8.69447971576,
3,3801.88008585,9.91032028624,
3,3888.60094451,12.4880018146,
3,3902.65398536,8.14638626939,
3,3949.89063862,6.7726340649,
3,3962.08995648,10.3349010825,
4,49.9445888965,8.9859803666,
4,85.0640323606,9.95743965464,
4,149.441344133,10.5239427558,
4,169.818114291,7.2107516454,
4,189.607439267,7.53325853784,
4,248.155156858,7.99857467397,
4,281.952199226,5.01150291514,
4,301.082996918,6.46275724674,
4,403.540202609,5.21090544955,
4,465.233170482,7.00172855524,
4,529.617589752,5.23007584411,
4,569.988915209,10.6928780558,
4,642.496825349,5.29610109662,
4,667.702867588,7.51736363558,
4,689.884652443,15.5200057244,
4,709.796437974,6.73989962382,
4,729.013809413,7.67492009002,
4,769.764410179,10.123837128,
4,789.28690471,9.93949408893,
4,820.378366346,7.74622818885,
4,849.235568743,7.21290043857,
4,909.671151859,6.48255694634,
4,949.866705998,5.43500965505,
4,966.496723269,10.5259158251,
4,1065.03427647,9.52347576941,
4,1165.80944774,8.10630693991,
4,1189.97037964,9.43199022782,
4,1209.86567771,4.2983065604,
4,1249.59809698,11.847716157,
4,1262.82378306,9.3049882578,
4,1309.98346063,7.27546371355,
4,1329.48134811,13.8492908768,
4,1382.46040127,5.05267504625,
4,1469.95563965,8.32127946786,
4,1489.96517603,6.95229821691,
4,1529.79003862,12.3301205928,
4,1565.76098645,10.9885102239,
4,1601.5034195,9.05393832129,
4,1628.32906512,4.23331676276,
4,1649.94849472,5.65877476894,
4,1669.99923382,7.90843986826,
4,1743.2631741,9.52833004279,
4,1782.37447631,8.83896046766,
4,1809.96174298,8.64216728411,
4,1829.81292083,10.0798817709,
4,1889.78476968,7.41232368474,
4,1946.11188983,10.1763983896,
4,1969.59734938,6.60356880664,
4,1980.50804292,8.61324689792,
4,2029.23516793,7.44886704056,
4,2048.28747053,9.86762000416,
4,2067.79228208,10.7081601605,
4,2103.43208071,9.9648483041,
4,2129.81691653,5.72083438921,
4,2207.7104349,7.84580451429,
4,2229.99170146,8.21075144998,
4,2247.08921031,7.07544329243,
4,2268.41739303,6.87833048276,
4,2289.95473247,7.10533584145,
4,2309.68404804,7.55880250324,
4,2324.26678595,9.55932471324,
4,2369.94029103,9.17085564816,
4,2409.93430735,8.36696508208,
4,2429.3805019,8.69156319618,
4,2469.8141088,5.41610337704,
4,2489.96039633,8.65575627335,
4,2561.62341612,8.04559590861,
4,2669.90858983,4.69106845089,
4,2689.6936968,9.22021676457,
4,2721.93621612,5.0291778162,
4,2769.53361002,11.0951146628,
4,2787.49180901,7.57648424639,
4,2823.30309439,9.83632292375,
4,2886.46383196,11.2432311121,
4,2909.92985586,12.6059907874,
4,2929.88660075,7.59679189054,
4,2942.9658163,6.06327189549,
4,2963.70497899,5.94202789222,
4,3009.44189173,3.96031528396,
4,3049.99655705,7.69512548478,
4,3129.40038479,10.4084264518,
4,3140.005,8.0199406386,
4,3161.71224167,12.0606892834,
4,3229.29312251,5.86087329387,
4,3242.15080423,6.30764823631,
4,3269.92495421,7.64672853499,
4,3309.70290046,6.76491713137,
4,3329.70317613,11.5214003897,
4,3421.21558145,7.84847752926,
4,3441.25787836,11.7180639767,
4,3469.88953295,10.6837020768,
4,3481.23166899,9.20330697142,
4,3569.92683042,4.30179116558,
4,3603.05057874,14.9745011019,
4,3629.70852368,11.2299864377,
4,3687.31104735,9.38017508138,
4,3749.91405664,6.02062699732,
4,3769.74535755,9.4852596881,
4,3809.74591116,11.0579921781,
4,3849.31854558,5.98959501415,
4,3869.66738422,9.58042745744,
4,3889.28931022,12.1358546812,
4,3908.00395668,7.12225906549,
4,3920.005,10.1474524953,
4,3949.98395779,15.463122127,
5,47.5085061194,7.86068413343,
5,60.005,4.52855274452,
5,88.8423230414,9.49756431525,
5,149.551900922,4.94987290544,
5,169.949560293,2.89362577781,
5,309.507891765,8.58540053039,
5,569.957219052,7.76192363003,
5,649.777775312,10.4297803529,
5,667.618824991,4.44759033755,
5,689.904986833,4.88158477658,
5,707.530728307,6.17733076748,
5,728.76966832,4.74799839916,
5,769.926817452,10.3437576925,
5,789.829008431,10.3230458671,
5,822.72389992,6.92177399973,
5,900.005,7.75553565199,
5,949.699172373,8.69267336998,
5,969.325727309,8.54118428797,
5,1069.69531827,6.62869982204,
5,1165.26378379,14.7502017908,
5,1186.68937986,9.32335326954,
5,1206.08978445,16.2314939128,
5,1249.30110032,10.1183252483,
5,1269.44287553,18.5083253811,
5,1389.902626,10.5455479778,
5,1469.62870699,13.1172515711,
5,1483.3291005,7.57710025176,
5,1529.68774156,12.3041860508,
5,1568.03514023,14.6637250788,
5,1609.74515811,9.87574388905,
5,1627.33586792,12.2217459672,
5,1669.98388352,6.77131271214,
5,1700.005,5.42049157704,
5,1740.68784284,15.637032467,
5,1786.2075911,6.22486546977,
5,1808.40914331,5.45203615822,
5,1889.04698704,9.29982884406,
5,1900.005,10.9924414011,
5,1949.68904241,10.5628161196,
5,1969.38292264,4.44668244378,
5,1988.67459567,7.69874032697,
5,2029.11486753,6.59749186165,
5,2042.94461286,6.25174369788,
5,2068.21278161,8.51969634167,
5,2109.20994829,4.76696699136,
5,2125.57292481,6.64240029004,
5,2209.76019499,2.67769124698,
5,2229.7808834,8.15411103746,
5,2249.5207958,10.8536858682,
5,2289.64480582,6.14383948102,
5,2301.45412496,7.98470547984,
5,2329.67729263,7.15854217426,
5,2369.61067501,9.45270414735,
5,2409.97869934,18.3810585436,
5,2469.62336703,4.55412492756,
5,2540.005,13.1400303152,
5,2569.57759628,4.9400322005,
5,2580.005,3.64343191892,
5,2600.005,6.16964981877,
5,2669.4500329,6.92848580924,
5,2689.28219033,11.5773155127,
5,2729.62438625,9.34111320619,
5,2827.95413978,6.01274744622,
5,2840.005,7.31724192475,
5,2884.77254015,8.59251920452,
5,2905.97307047,3.03769722114,
5,2925.07077528,3.33834456592,
5,2949.51349402,10.9904612944,
5,2969.89004361,6.97870070067,
5,3009.0179585,6.88368996163,
5,3049.99985933,9.56008396003,
5,3128.72573403,9.74611996064,
5,3148.58116506,7.9530579472,
5,3165.40300038,6.58992325821,
5,3229.87716034,8.60469302337,
5,3249.74948066,4.62147611124,
5,3269.69280738,6.02659966593,
5,3309.3821809,3.13047533628,
5,3329.03449297,9.30894834125,
5,3429.66117237,6.95888156433,
5,3469.75881646,6.13132804476,
5,3489.90926274,7.77992902069,
5,3568.4546312,3.13104545852,
5,3609.89860918,12.781710828,
5,3629.60350657,9.37839980928,
5,3680.28589692,6.23160705752,
5,3749.97134681,6.17074460862,
5,3768.13546932,8.37280851269,
5,3809.6830755,9.02069146606,
5,3849.75498518,7.01212324304,
5,3888.49117663,6.02317801984,
5,3902.97407715,4.47090552334,
5,3929.76798333,9.09351694915,
5,3947.33358155,11.8792145295,
6,49.4916337962,6.59404289753,
6,82.5488480271,4.91108125129,
6,141.38729321,6.61441533896,
6,169.903928964,7.10616555075,
6,200.005,4.92629265683,
6,283.794351558,9.20908832372,
6,308.947696592,8.88666214372,
6,465.31737269,12.2506990876,
6,480.005,10.1784324027,
6,527.169615486,12.2265619903,
6,569.611068028,8.00664736036,
6,604.510251892,6.09575784608,
6,646.812233679,6.94958237756,
6,669.663228577,7.47849503132,
6,689.782325622,6.67015139308,
6,701.417927534,9.63968603786,
6,729.159103139,3.45209020543,
6,764.748189469,4.29113778195,
6,789.851799398,5.56555875112,
6,822.451345431,2.74336797802,
6,880.005,6.17637802837,
6,949.684078788,8.92511242887,
6,969.932384028,12.3688830327,
6,1000.005,7.09325168823,
6,1067.07275641,10.6000100329,
6,1167.42385684,13.4968704624,
6,1187.73411914,7.46529396127,
6,1208.80156306,8.82151460534,
6,1240.51944965,5.68908754194,
6,1269.93423446,11.6556109756,
6,1308.34622104,4.61973955919,
6,1389.49354278,5.60000384615,
6,1469.40042648,6.5478539834,
6,1489.88574815,5.97441255436,
6,1504.72533271,9.1616064739,
6,1528.08902107,5.92616686523,
6,1569.72117193,6.13828221418,
6,1580.005,8.73713049228,
6,1605.22599194,4.27847122651,
6,1629.98886413,8.0233322541,
6,1649.39330352,8.35572517972,
6,1669.98700304,12.4797820933,
6,1747.97482567,10.4935462574,
6,1780.83171051,8.0768777543,
6,1809.7197175,10.1171381857,
6,1827.98687125,10.0115069823,
6,1889.62034365,6.40669936336,
6,1949.78112816,3.09138004284,
6,1969.85191944,5.70660888874,
6,1989.256572,4.73361948744,
6,2000.005,12.6679966357,
6,2025.82807391,5.61645264508,
6,2109.06373492,6.38487532491,
6,2129.18692024,10.3412115865,
6,2160.005,4.77673479234,
6,2209.04343707,8.27625643526,
6,2229.9081441,5.43897905549,
6,2269.77828112,7.7852415657,
6,2289.99144319,5.12729978856,
6,2309.71443841,10.9820574213,
6,2329.98069789,4.68843275201,
6,2369.09684289,10.2777729654,
6,2409.84950106,4.48916431647,
6,2429.47998439,8.08646245463,
6,2469.98989735,11.5397828495,
6,2569.90175001,8.93511341432,
6,2669.97712285,9.79752588251,
6,2687.33113144,6.85745604135,
6,2722.38768486,5.08838925492,
6,2783.10303099,10.6509207679,
6,2826.91731672,10.8721291009,
6,2889.68962819,6.48581861764,
6,2909.95626959,5.42645725981,
6,2925.73694615,8.3363757609,
6,2949.99889029,3.2937566703,
6,3049.98487325,6.9578331799,
6,3128.1061368,7.21244221262,
6,3169.77289183,7.20867169938,
6,3229.37141562,3.26862629683,
6,3249.80515697,14.0131288728,
6,3269.99649677,13.713527889,
6,3309.91592583,9.99296033968,
6,3329.77664577,6.44853847585,
6,3404.4468156,8.26471240968,
6,3429.71745295,5.83147010649,
6,3444.68752392,6.85361752045,
6,3464.58226099,9.58035742913,
6,3489.21068934,8.61624327302,
6,3569.61529378,3.80570519369,
6,3609.97567085,6.42794359234,
6,3629.98259925,13.5749435337,
6,3684.30231483,7.63204077864,
6,3749.37207483,4.8214003941,
6,3769.66326019,8.65210455124,
6,3809.91462944,10.6218495689,
6,3886.14429757,8.11884206931,
6,3909.08513425,9.4056008435,
6,3949.81421931,6.4674066282,
7,40.3884430745,6.63259685456,
7,89.1569584862,8.69128521643,
7,100.005,9.39830738235,
7,167.838357054,5.55846522669,
7,309.130051981,8.43048183846,
7,420.005,8.3330639916,
7,569.895460805,11.3673647756,
7,620.005,6.13762855508,
7,648.392314946,11.2909422022,
7,669.579452213,15.7606110165,
7,689.997023372,10.686188053,
7,707.333790972,4.4923667198,
7,729.103192923,7.61293907868,
7,769.686393564,8.76547527451,
7,789.79541105,6.76467542744,
7,823.915704149,7.15253762162,
7,948.355989381,1.96324701607,
7,969.937114368,5.05045208945,
7,1069.63589323,7.86690455454,
7,1120.005,4.24643923436,
7,1169.23648436,7.14145319629,
7,1189.68060641,9.93173042751,
7,1208.0672254,8.13817574733,
7,1249.96592323,8.26133770511,
7,1269.43973932,7.87151600932,
7,1340.005,9.9962630516,
7,1389.62371393,5.40622888128,
7,1464.90710713,4.73893319419,
7,1489.84376693,5.75451576694,
7,1569.61001107,14.5150622205,
7,1609.46038261,8.3016455918,
7,1625.79998933,8.4375538953,
7,1669.98617421,8.60449315705,
7,1746.15280459,6.37996673852,
7,1786.32688794,8.6029559731,
7,1820.005,6.14641087042,
7,1888.92618506,9.17992492684,
7,1949.97652821,6.85539758363,
7,1969.82326943,9.46124467262,
7,1986.90359542,5.26467568027,
7,2023.11150006,5.53320486938,
7,2129.72259774,7.18571229725,
7,2228.12420477,4.63585329123,
7,2283.84733036,11.8974547369,
7,2309.80306916,8.72573361539,
7,2329.42472193,8.6030030252,
7,2367.15981626,6.98983489719,
7,2409.6093503,4.54317851972,
7,2427.97306033,6.70788079159,
7,2440.005,8.36834090743,
7,2469.86266392,6.55105738789,
7,2569.92316916,8.45952575502,
7,2669.70133468,5.10725550427,
7,2724.86815523,11.1461500871,
7,2766.63194593,10.2135190169,
7,2887.53627803,8.27569429825,
7,2909.59248468,9.64687764166,
7,2929.78905871,13.7580370274,
7,2949.46256221,10.3112661964,
7,2968.8181234,7.71330297258,
7,3048.14592986,11.0578360636,
7,3129.03321915,9.1199129731,
7,3169.03293961,5.42413044796,
7,3200.005,6.10207373686,
7,3229.4912311,8.88501889426,
7,3249.75626834,10.1696726166,
7,3269.75682601,11.1587019217,
7,3300.56713396,8.4725948199,
7,3329.94921512,8.45782608087,
7,3429.89979259,6.11874208341,
7,3449.67363996,8.12591938618,
7,3466.36658323,5.8306387714,
7,3488.1314711,5.19403495402,
7,3500.005,5.66586475352,
7,3569.90717721,10.243133632,
7,3609.74616736,6.02517736235,
7,3682.89289719,10.5835151517,
7,3700.005,6.23869790053,
7,3749.99806523,9.53749432249,
7,3768.39563267,8.73264438844,
7,3801.03963797,3.3811407178,
7,3889.51291977,5.86804028445,
7,3908.73210265,6.26567680643,
7,3949.9859432,13.4813104544,
8,43.2359175622,7.66043015267,
8,89.7195774931,4.77889391484,
8,149.804191704,7.61123907409,
8,163.96225759,9.5858096175,
8,288.841250081,3.64833616101,
8,309.838095261,4.55910121557,
8,525.59513578,10.0906747931,
8,562.146280112,8.52021632676,
8,609.620248825,9.38340735405,
8,643.292184627,5.65196092298,
8,661.339642831,7.62589875253,
8,689.959841629,8.01862575993,
8,708.324039243,9.01801081714,
8,724.40969936,5.77858557981,
8,769.952042904,12.2190692124,
8,789.132299459,4.81604510499,
8,822.758248261,4.95352079591,
8,948.947555489,11.0168743115,
8,961.302581577,6.32714299351,
8,1063.55703265,10.2502212644,
8,1164.22610313,9.72465692236,
8,1180.71812886,5.8165762373,
8,1209.94702183,10.5222592065,
8,1245.29856932,7.14776642604,
8,1269.97198759,10.016968868,
8,1300.52055475,9.26987067878,
8,1389.83637245,8.73614220816,
8,1407.49726748,5.44799569823,
8,1468.9848098,3.68929969002,
8,1481.49251854,5.66757317622,
8,1509.77115937,11.1996351337,
8,1529.03979973,11.3882862858,
8,1563.54570176,9.41670089452,
8,1609.99872214,15.347646961,
8,1629.89844169,6.78001066674,
8,1648.79388738,11.9982087445,
8,1669.96712073,10.3818851466,
8,1709.96924274,7.58167495827,
8,1747.63198374,8.24391601069,
8,1780.6132789,5.83274407361,
8,1809.97936133,7.63146331461,
8,1828.88167119,6.02857923493,
8,1864.07069536,10.7921672249,
8,1889.18789334,7.24492577356,
8,1909.56947668,8.96292792462,
8,1947.11845542,8.47022064633,
8,1965.270297,15.0784710332,
8,1989.96681856,3.61725701228,
8,2029.65942734,7.90835318573,
8,2048.5504089,5.07897695264,
8,2068.34720462,4.45896824177,
8,2109.97604818,7.92702319194,
8,2125.34937122,7.0456699702,
8,2140.005,10.8020464827,
8,2209.36910604,8.66236922774,
8,2229.40175258,4.96320439262,
8,2240.005,4.30797863039,
8,2269.96676312,13.0696923498,
8,2283.63793132,7.57079757894,
8,2309.93618459,7.46177609379,
8,2329.90318458,8.93708170021,
8,2364.79092194,7.84765942016,
8,2387.57662072,4.21082884264,
8,2409.39837667,2.72215956405,
8,2429.3985888,5.51863015333,
8,2469.96289326,7.16348470695,
8,2569.99122556,16.7535853188,
8,2669.90619225,3.33121596131,
8,2689.92590651,5.94473410104,
8,2729.93951751,10.726621375,
8,2760.005,6.54067014247,
8,2788.19927493,11.9377871246,
8,2828.2446886,6.09084407408,
8,2880.79307154,8.18015357625,
8,2908.44555168,9.8723215194,
8,2929.99182741,7.44630655951,
8,2941.87386729,10.30684189,
8,2969.28790778,6.28107948019,
8,3008.69112357,4.49603959145,
8,3049.98841594,15.5641667361,
8,3128.54232193,11.293948695,
8,3147.47565632,11.6142783146,
8,3168.70595146,8.65389658668,
8,3229.33057593,9.35277944201,
8,3247.53292842,8.17582689521,
8,3269.98428268,4.72176854081,
8,3309.65781822,8.60299049776,
8,3323.68486227,5.95045229527,
8,3401.71777722,9.80237262459,
8,3425.32414564,7.33331455702,
8,3447.58051898,6.01760012517,
8,3464.13286698,9.05170452978,
8,3483.30148997,7.93975965677,
8,3569.82524972,7.05437691383,
8,3607.09891762,10.6142818341,
8,3629.92235362,6.19468994831,
8,3684.91307227,7.83277803115,
8,3749.98345648,4.02669505945,
8,3760.71785966,12.9597865284,
8,3809.46827081,16.4914367846,
8,3849.00650746,6.94296309269,
8,3882.73313569,2.91505787682,
8,3909.80054332,8.08004523883,
8,3925.34459593,4.62431914787,
8,3943.23288981,10.9341054325,
9,49.7909943989,8.97083098413,
9,87.0060351594,9.20009103779,
9,142.502061235,6.57442612986,
9,169.990467539,10.4837679043,
9,247.009676716,8.94499980515,
9,284.606739911,11.9687685153,
9,301.733771747,9.74055707794,
9,408.032339564,5.64172946584,
9,468.526319484,8.96064576144,
9,567.185435326,7.37528846708,
9,609.409908667,7.43099103071,
9,646.161327089,9.03882239603,
9,662.759762566,5.11500397221,
9,680.533720695,14.423528445,
9,709.498626301,6.55809142973,
9,729.777313528,7.05357106668,
9,769.948195618,9.38977982711,
9,786.035655317,10.9223152484,
9,821.578665665,7.05785588112,
9,945.630240258,6.37870796624,
9,969.855131805,5.42516849576,
9,986.825077639,6.79204592855,
9,1068.89016456,7.55032434964,
9,1080.005,6.88151089772,
9,1168.89548246,12.444886285,
9,1188.44880595,7.02186293479,
9,1209.65463995,5.6538748744,
9,1220.005,8.10191572834,
9,1246.396662,11.567219213,
9,1269.50054005,11.8494783132,
9,1308.73893911,6.81553324406,
9,1320.005,6.31934600216,
9,1389.91729408,5.06999089049,
9,1469.13403509,7.33525785361,
9,1489.9628758,5.7375559943,
9,1529.59268672,6.92539747887,
9,1569.1971293,2.01489979484,
9,1609.78622414,7.041833532,
9,1623.96511863,7.1081029157,
9,1669.82818599,12.491920956,
9,1709.99613795,4.88607319311,
9,1747.83742942,8.85120020412,
9,1788.70731253,9.6079766554,
9,1808.82238859,6.14409886393,
9,1889.49628458,6.26802463083,
9,1949.25710567,5.61105364251,
9,1969.41882439,6.86838586103,
9,1988.22144448,13.2338797462,
9,2024.09443561,9.71427532083,
9,2067.30733067,6.84982741853,
9,2109.27643117,10.4038694281,
9,2129.46160681,7.45291983326,
9,2168.3095824,5.80905695449,
9,2209.39449534,9.2856589901,
9,2249.46371908,5.98321112874,
9,2264.22403159,6.8353602231,
9,2289.96081145,1.39240696383,
9,2302.48698596,7.99456579719,
9,2328.7522667,7.46268250392,
9,2369.0051066,7.41941863457,
9,2409.85909348,14.1879311894,
9,2466.03427579,8.40756942488,
9,2489.50294394,4.60989402535,
9,2567.89184947,8.22438733574,
9,2664.90051234,6.07010898611,
9,2726.42138701,6.46096225564,
9,2828.35279821,7.79975904144,
9,2889.81504421,9.28460956492,
9,2908.25480651,8.96140869214,
9,2929.90560753,6.79876008551,
9,2949.19121318,4.7287045104,
9,2969.33024464,6.69735886716,
9,3000.005,6.85639154269,
9,3049.97137049,3.79661546108,
9,3129.999159,8.45172366856,
9,3148.31121365,6.5706967386,
9,3168.06460875,5.0088170389,
9,3226.03825871,8.8092573654,
9,3249.92004911,3.12523414379,
9,3269.93260086,4.12218221382,
9,3307.4302258,11.0518918651,
9,3329.90991328,9.54981521571,
9,3429.80963937,13.1656806727,
9,3449.72786155,6.3435742812,
9,3469.76248721,6.57873662734,
9,3489.74740538,9.19783404892,
9,3569.28856238,13.7347982044,
9,3609.85937645,8.16262239862,
9,3629.6730716,7.31421789816,
9,3681.6711544,8.73657829487,
9,3749.78509945,9.08482544189,
9,3768.59053231,9.9850758333,
9,3801.23869382,12.6631612364,
9,3840.005,8.91425815948,
9,3881.36831241,5.10024622048,
9,3909.99899239,7.11025421839,
9,3949.50732682,11.0217152998,
10,40.6561288836,8.16660245266,
10,88.3091871904,6.09064166429,
10,149.343456499,7.6931509536,
10,169.914650748,13.1345779658,
10,284.498751365,7.23501341421,
10,309.351343344,5.97851188799,
10,468.028884133,5.1305339644,
10,509.797708375,7.20471748941,
10,528.65338003,5.06684827706,
10,569.793181945,8.4993044227,
10,603.066674548,7.72144930005,
10,649.924274367,6.33640356022,
10,669.9957191,7.40243854565,
10,689.995532005,4.97222236167,
10,702.298582848,4.4870439688,
10,725.829339219,5.83499333308,
10,740.005,8.46853324668,
10,763.516818229,11.1906505022,
10,789.793440249,6.7945677775,
10,823.123673833,8.6185395671,
10,849.636768395,13.4889022319,
10,902.991447039,6.45012216489,
10,947.385972809,6.51243174332,
10,969.778652034,6.5277133026,
10,1069.62222767,6.1214438033,
10,1100.005,5.12274481309,
10,1169.45686654,11.1075594969,
10,1189.77550334,7.36043091267,
10,1208.86395769,8.60814682991,
10,1241.03606686,9.29758457252,
10,1269.9834402,4.60247631616,
10,1301.19117285,5.44430883723,
10,1389.97222969,5.7465454223,
10,1469.97035059,10.1185493753,
10,1489.96128551,15.0963376465,
10,1529.30915024,11.5272730577,
10,1568.84211883,8.945401708,
10,1609.63076895,8.32672840484,
10,1627.52135925,8.36737117026,
10,1649.26895288,12.0442490998,
10,1669.95288356,9.92986887968,
10,1700.83822326,6.21730481168,
10,1743.93706187,5.50246983813,
10,1786.78296248,6.66533055401,
10,1808.82900958,9.97232856509,
10,1889.87196524,8.46188675831,
10,1941.55208039,6.4648260597,
10,1969.00626299,11.7507646563,
10,1987.18355948,4.43466031724,
10,2029.1820109,7.64763394926,
10,2046.62865695,9.7453382657,
10,2066.88972685,3.53904890111,
10,2104.42336157,6.58968867492,
10,2129.93680715,7.90072253299,
10,2209.24702673,7.82673934608,
10,2226.10911596,10.4383650305,
10,2289.98787205,6.49454764375,
10,2309.70330898,5.29340333297,
10,2329.68712012,11.1223555851,
10,2369.61728229,9.42453471833,
10,2400.20785654,7.35606105725,
10,2427.38945368,8.32359731628,
10,2467.77432212,9.96795009445,
10,2563.4970356,3.82314710784,
10,2669.96435263,4.17304215811,
10,2689.82312029,4.53979007022,
10,2725.00673484,6.99252340239,
10,2789.88459376,7.38055499409,
10,2800.005,14.1509649243,
10,2829.82537894,6.92681574195,
10,2886.36752501,6.31689082622,
10,2909.98596098,6.62400285822,
10,2929.49650071,6.03473590622,
10,2949.79297657,5.3671090074,
10,2960.005,8.44377756783,
10,3049.98149316,8.27773382025,
10,3126.40730516,9.28703546162,
10,3149.29123626,10.4137081103,
10,3162.31867721,6.38300828858,
10,3221.72738052,10.5004142584,
10,3249.81241544,6.39946522441,
10,3269.94656076,5.63352595867,
10,3301.50226662,4.72406513091,
10,3329.43214974,4.1273516245,
10,3428.87653028,10.0419369848,
10,3448.12375507,3.42832750256,
10,3469.46636029,7.79454423775,
10,3489.06326663,5.02237786628,
10,3563.67944586,7.80063511777,
10,3609.85269046,11.6908509183,
10,3629.92907275,2.86073603022,
10,3689.58106802,6.47320461118,
10,3740.20072701,3.35131280474,
10,3769.19083956,9.08671118482,
10,3809.82933229,6.36414060392,
10,3880.48483377,9.42744950117,
10,3909.81063605,3.1217415457,
10,3921.09191513,12.2533795917,
10,3949.86336329,3.87921493819,
11,49.7746350725,11.3590933117,
11,88.9955966908,7.08904188604,
11,120.005,7.43400610702,
11,147.756467564,14.0047808504,
11,169.835469284,10.8329687412,
11,260.005,8.55025786337,
11,287.803290293,5.99199805515,
11,309.410520955,2.03197881874,
11,569.557906425,7.85001441497,
11,605.176986478,10.2270277421,
11,661.058415116,6.59758065913,
11,689.739479213,8.05431839535,
11,709.005586978,10.3171486346,
11,727.621185227,4.89940846062,
11,769.544404867,7.57713524972,
11,788.557187411,10.8133012235,
11,828.426155808,10.8664108991,
11,920.005,7.73086181872,
11,945.420131168,8.2959104612,
11,969.936021517,10.7403208212,
11,1020.005,14.9043681807,
11,1069.90755294,4.70673687076,
11,1140.005,5.89834050982,
11,1189.83967986,3.8982170995,
11,1248.19317208,5.72662091368,
11,1269.20675837,6.19328569115,
11,1300.33927086,3.45752562182,
11,1329.79920846,6.97321447144,
11,1387.08926094,9.85938718618,
11,1440.005,9.666400793,
11,1469.88662975,6.576978676,
11,1489.9942488,6.01376529626,
11,1529.9458167,9.19057677729,
11,1609.57663515,12.816592389,
11,1628.87200367,8.25190818576,
11,1669.79445514,10.3902180708,
11,1720.005,12.2598377517,
11,1787.45229527,3.39200360922,
11,1808.66192123,5.57479423243,
11,1889.70595233,16.7097481715,
11,1949.38037704,6.03346681681,
11,1969.65005381,11.8947307919,
11,1987.40856166,13.3069970162,
11,2029.15987506,4.21039923433,
11,2049.8233348,7.50748162637,
11,2108.71300134,3.06282147342,
11,2129.82398537,7.19146032314,
11,2207.37193467,8.96799576595,
11,2226.6010219,9.56653792293,
11,2268.87071213,6.29041696579,
11,2289.37817218,9.98603125285,
11,2305.05350327,6.52388589889,
11,2329.9171445,4.08785587793,
11,2340.005,7.98753262721,
11,2369.08475898,10.623435095,
11,2409.39512324,9.60338948684,
11,2426.77625081,8.49955619985,
11,2465.41869353,6.302200053,
11,2569.10238124,5.03321898482,
11,2669.89626136,4.07653878188,
11,2700.005,13.4255184558,
11,2728.02830156,10.2747065981,
11,2860.005,4.59762711167,
11,2883.07216483,7.20501506033,
11,2908.70722867,5.59773138724,
11,2923.10600166,10.0538480351,
11,2947.91521577,5.37565979411,
11,3009.99517707,7.65124604776,
11,3020.005,8.62661234663,
11,3049.98332686,11.1252719289,
11,3080.005,11.3788935574,
11,3100.005,5.90439542177,
11,3129.68665253,10.4460575581,
11,3144.97614771,3.47238395879,
11,3169.07316657,12.7225400531,
11,3229.10378711,6.4562390912,
11,3249.7155619,10.141556802,
11,3269.96122699,10.0084385423,
11,3308.59914448,10.4842628491,
11,3329.8986071,8.76243970675,
11,3369.00502051,12.0701526226,
11,3429.92401961,12.3281139617,
11,3467.62950789,6.15676683762,
11,3489.68522201,8.1135513768,
11,3540.005,10.5978982153,
11,3560.82151525,10.1770644488,
11,3608.81930421,9.80863299402,
11,3687.48042847,7.24339723907,
11,3749.66789541,8.49079673864,
11,3780.005,12.2332506808,
11,3807.24897746,9.02451163811,
11,3882.86885332,5.24467166768,
11,3901.88189124,7.72245376595,
11,3929.28226208,5.16192806722,
11,3943.44263886,6.86522739163,
11,3969.56914426,5.4584292949,
12,20.005,6.53253598504,
12,48.8890383961,8.28272812335,
12,89.3689596064,7.11036847706,
12,144.087182178,5.87437795843,
12,169.789055775,5.13995091016,
12,220.005,9.21643316085,
12,240.005,5.46532589057,
12,287.404350944,3.40390310758,
12,306.896795757,6.98866657502,
12,569.797770188,6.72626917488,
12,646.069435383,4.32115014385,
12,669.933323502,6.32552639873,
12,689.736115583,1.98794802694,
12,701.574334236,11.0117247413,
12,729.395725037,10.3934788664,
12,769.984617364,6.55368942728,
12,789.953589349,6.37848995101,
12,800.005,10.4969619675,
12,824.990183819,12.3641583677,
12,949.493171554,10.5024488196,
12,969.826067728,6.40663675468,
12,1069.54923712,16.6298216071,
12,1169.78128341,7.43660253006,
12,1189.88293503,6.80539747313,
12,1206.50702871,11.615145265,
12,1243.64229224,7.60820520753,
12,1268.88718304,11.0464403376,
12,1308.74552814,8.87351842947,
12,1388.21156168,10.2074282309,
12,1400.005,9.5744494627,
12,1469.9568866,7.32277027235,
12,1489.99555675,16.8643227246,
12,1528.5212391,6.99979573089,
12,1569.71867982,7.75659483741,
12,1608.55790379,11.677835305,
12,1629.50156712,5.91739621305,
12,1669.98175988,15.1243133789,
12,1760.005,6.01242709187,
12,1787.67413434,8.68897780248,
12,1809.68525914,7.29233762686,
12,1881.04758368,5.90412721531,
12,1949.51464188,3.41322303487,
12,1969.44092591,7.30154428926,
12,1988.20143158,8.65926933247,
12,2029.99033655,4.78410657962,
12,2041.85984491,12.7596068063,
12,2109.99535901,3.2942060583,
12,2125.72128631,9.57414843095,
12,2148.69611701,12.941764627,
12,2225.05089635,7.70375779253,
12,2264.56842866,4.47503130988,
12,2289.97962752,10.3192641978,
12,2309.84843789,7.02296483946,
12,2326.3392303,6.5548262437,
12,2369.12664781,5.28202235451,
12,2409.81832858,12.4504216957,
12,2462.70157462,12.1882457473,
12,2480.005,5.56650596356,
12,2568.17495159,10.1405096666,
12,2669.98022471,6.23225833385,
12,2689.34845689,3.6186513325,
12,2728.89770443,6.02575964866,
12,2788.93635986,6.28712670175,
12,2829.39800239,10.6815542097,
12,2888.78589814,12.0664033861,
12,2907.64920977,7.83236640567,
12,2929.1236254,8.70106647366,
12,2949.25762846,5.93898968893,
12,2964.9545157,5.03273580732,
12,3049.95046365,7.55991482372,
12,3129.69787528,10.4482405819,
12,3145.15532499,6.30165486531,
12,3161.37420556,9.10295941288,
12,3229.8269026,6.21940112474,
12,3249.07323978,8.21795202358,
12,3268.85827279,2.32735600994,
12,3308.95842516,8.73901077811,
12,3320.86426592,5.51352124501,
12,3409.82700202,5.1058863338,
12,3429.80868057,7.95985957041,
12,3446.26724774,5.81918415103,
12,3469.72129707,2.67208711187,
12,3489.93704125,12.6948999124,
12,3569.13857269,9.02101259134,
12,3609.50050615,5.17980563139,
12,3629.54673828,8.69373345806,
12,3687.5283593,7.08315356928,
12,3749.60109792,3.28379170723,
12,3769.09403735,6.16264560304,
12,3803.94376806,11.7404892356,
12,3820.005,5.77755499777,
12,3849.40627884,7.20192192874,
12,3889.01675739,7.08292489093,
12,3902.38458816,14.9204709061,
12,3948.62386396,4.89666079614,
12,3980.005,9.37098470706,
13,49.2697655167,9.47135221726,
13,86.7400484831,11.2214240655,
13,149.031910425,9.49280688356,
13,169.914234162,9.3737494948,
13,180.005,13.451360097,
13,285.191270965,9.49712669634,
13,309.438857399,12.8580457525,
13,526.367539519,5.25902944824,
13,540.005,10.6480148556,
13,569.884865163,8.33115452311,
13,580.005,9.3258220287,
13,609.104256273,7.75686585295,
13,669.961905922,6.503283717,
13,689.723435755,6.07146151788,
13,707.534162752,7.44687429041,
13,727.787957897,10.3665203265,
13,769.049126346,7.18906997627,
13,789.816312846,12.8589747412,
13,821.406926534,6.52668312986,
13,860.005,5.8832103546,
13,948.046628079,12.0023809718,
13,967.240104839,6.6975177858,
13,1069.15827678,10.0350520849,
13,1162.57235617,6.42760591607,
13,1189.15493944,3.21730103908,
13,1204.66267713,8.32623619979,
13,1249.92296834,13.7888540838,
13,1269.51794016,6.92683339982,
13,1309.5622555,6.96103362041,
13,1386.99034158,14.0693443509,
13,1469.94091938,7.17735002963,
13,1489.95557966,4.30488820228,
13,1529.63676616,9.51825782616,
13,1568.58173633,4.32785205569,
13,1601.444922,13.3629806996,
13,1625.77644304,6.08092175476,
13,1649.03625291,10.6933546287,
13,1669.99301075,4.94674171944,
13,1780.30934437,3.73517082809,
13,1802.63527657,4.66738340163,
13,1889.13688384,6.82122870207,
13,1920.005,7.99561637974,
13,1949.44490292,3.53957670029,
13,1960.79628412,5.4820677793,
13,1986.36220081,5.53347970815,
13,2029.85029784,4.77029520052,
13,2041.99902085,7.81072354379,
13,2080.005,4.93935393871,
13,2105.48972525,10.0177182246,
13,2129.03084047,12.7381145563,
13,2180.005,4.2296918964,
13,2209.27205034,6.16624417823,
13,2227.96073577,6.4022914906,
13,2288.0733159,6.95418998891,
13,2308.09206405,12.0335330435,
13,2328.05428992,9.71877218876,
13,2408.51145184,10.5505757324,
13,2469.35959098,4.87567487372,
13,2500.005,7.40524295249,
13,2568.96771402,8.03203589018,
13,2620.005,5.11028494785,
13,2640.005,10.9306052751,
13,2669.95753383,3.27827260305,
13,2689.66968379,6.08847868936,
13,2728.80466702,6.27291475724,
13,2788.33643312,4.62770861546,
13,2822.67609783,2.58456616481,
13,2889.90785694,6.3450026091,
13,2929.89958888,7.14084851096,
13,2948.45151625,10.8496284009,
13,2980.005,7.1665764639,
13,3049.97295548,7.89513176132,
13,3126.69167137,8.34133584854,
13,3160.005,6.92561326294,
13,3229.95008247,7.99150058358,
13,3249.59445691,7.50477350448,
13,3268.27000311,10.838674493,
13,3280.005,4.35922406816,
13,3309.87832551,4.346811373,
13,3329.8985672,5.78451971104,
13,3429.52031279,11.6727660997,
13,3469.12285253,7.01618927712,
13,3489.77238507,5.68075844858,
13,3569.79291624,12.4269057454,
13,3609.95675981,5.70664598814,
13,3629.33093091,14.7570287793,
13,3689.84561462,5.94228710298,
13,3749.41932631,6.64647682294,
13,3763.92171946,5.02194021918,
13,3881.252555,8.91494201952,
13,3908.40747721,4.92131292022,
13,3949.60896,7.82128376557,
14,49.5932145285,6.52993700963,
14,82.3080324302,11.6230420062,
14,146.332269053,5.08758017843,
14,169.528369786,9.19060962109,
14,284.000725266,7.33678697735,
14,320.005,13.2316640063,
14,340.005,9.03810706262,
14,380.005,8.40391101718,
14,460.005,7.70274608841,
14,529.076438558,8.62687353914,
14,569.196858974,9.51641335004,
14,600.562551206,8.08860646727,
14,642.363308382,9.0841220994,
14,664.813827213,7.12579346431,
14,689.997510132,13.4819044287,
14,707.178522316,7.19789032856,
14,768.828275069,7.47889849754,
14,787.706838626,8.58858239821,
14,949.478731866,6.97576136543,
14,969.974103125,8.32657061356,
14,1068.74464739,6.52743576563,
14,1165.67826005,4.436587048,
14,1189.96640129,7.34940819316,
14,1209.94905632,8.27768314561,
14,1246.35903459,11.0837937583,
14,1269.78859048,5.86438495383,
14,1301.26702095,4.61816266633,
14,1389.70587594,7.43140278965,
14,1465.26914685,6.47230133206,
14,1489.92379146,10.1191905311,
14,1527.66927363,11.129395488,
14,1609.87936006,8.0514657487,
14,1669.85759239,9.63749813778,
14,1782.52548311,9.04223501063,
14,1809.5285994,10.1651263518,
14,1949.65552088,9.73834947922,
14,1968.83227292,4.84411372647,
14,1988.67253961,6.2714644514,
14,2029.8614516,6.40086308701,
14,2049.80734598,11.7724162561,
14,2129.84800716,6.37721478855,
14,2147.76753096,8.60264171561,
14,2209.67073021,9.43199543455,
14,2227.90186996,8.83724893525,
14,2289.50198097,8.90412668653,
14,2306.69710242,19.7353766301,
14,2329.37510306,8.09025069421,
14,2380.005,6.77684237912,
14,2409.90080176,5.54440225388,
14,2469.07194573,7.55292213177,
14,2569.95243,9.64446855611,
14,2669.8559318,11.5706612809,
14,2684.67078204,9.92859583489,
14,2729.78444,11.437592858,
14,2788.22889462,8.78122709659,
14,2829.78722065,6.06303223605,
14,2882.3725499,11.6330397609,
14,2909.85012218,6.58431415059,
14,2928.80774141,13.5651351785,
14,2949.85011358,4.42628216465,
14,3049.97012395,4.59267422371,
14,3129.76296726,9.27757361266,
14,3227.68023264,5.6489785842,
14,3247.37835967,5.02890726101,
14,3269.83663755,7.03723993166,
14,3309.71031661,5.30374144381,
14,3329.6823607,6.45299513157,
14,3380.005,4.65342374539,
14,3429.6395853,10.7654005026,
14,3449.99445223,9.13660263806,
14,3489.49660922,5.9695772917,
14,3568.0793612,12.8891609744,
14,3609.35934066,14.4644382748,
14,3660.005,5.3838069911,
14,3688.9260253,3.26699047475,
14,3744.48900799,7.81415077178,
14,3809.91523946,8.98707740539,
14,3867.27887516,9.31733878665,
14,3881.85899553,6.10174949217,
14,3909.49346987,4.12303724327,
14,3949.73804113,10.5167867298,
15,0.005,11.4945161823,
15,41.6424893714,8.73312889121,
15,169.308837907,12.243258222,
15,283.959896081,9.80925281612,
15,440.005,6.9643569038,
15,569.871684144,6.69947838059,
15,661.184609909,8.42869033343,
15,689.882520945,2.77269243306,
15,768.613101533,6.7023329709,
15,789.285167758,9.75087196884,
15,969.857465168,4.94194801154,
15,1040.005,7.84554885269,
15,1182.97419389,7.16227517104,
15,1203.98321907,6.55632325582,
15,1269.05312602,10.7596688472,
15,1280.005,7.97504471868,
15,1360.005,16.1320867039,
15,1389.42840891,8.6382198629,
15,1420.005,7.22283091978,
15,1466.67491427,5.05899411303,
15,1489.95510563,6.10863327829,
15,1540.005,8.30829617646,
15,1608.26868256,8.84160098474,
15,1626.3291293,13.3035338329,
15,1669.92880454,6.3347346003,
15,1787.14283082,13.5415037325,
15,1949.11336701,5.86182293873,
15,1969.62038281,9.19634662441,
15,1981.2785414,9.73102991113,
15,2043.33790612,9.49392542308,
15,2128.90953654,4.14490672289,
15,2286.27513305,9.39465911228,
15,2462.83737364,12.5311832434,
15,2669.8067433,6.92125892842,
15,2725.22165659,6.61968338207,
15,2740.005,7.0575289173,
15,2789.83581337,9.05089454845,
15,2826.41644916,8.41332722188,
15,3049.9467548,14.6852459914,
15,3149.67920495,6.67578281245,
15,3249.68949285,8.71088171859,
15,3269.96094379,8.03893762972,
15,3308.07493289,3.96455650518,
15,3329.80936378,10.9317499881,
15,3428.59752707,4.51521413979,
15,3449.52933538,3.81031515567,
15,3482.12330273,13.3802054054,
15,3520.005,8.42546121045,
15,3608.81921279,10.1384371614,
15,3640.005,7.99674302446,
15,3686.37624219,13.8495340743,
15,3720.005,6.83867647346,
15,3748.15617166,5.75263259457,
15,3807.29500003,12.1401188205,
15,3949.74715213,5.17013557676,
