0,0
1,1
2,2
3,3
4,4
5,5
6,6
7,7
8,8
9,9
10,10
11,11
12,12
13,13
14,14
15,15

0,9.50197302882,6.4787710941,
0,21.3911142333,9.73144619784,
0,61.5094197608,6.36608465485,
0,82.5421985151,8.55410986982,
0,104.130526183,13.3732246288,
0,149.926167878,9.31825267016,
0,183.869109607,4.55916161548,
0,249.235165458,12.7946040289,
0,267.807642187,5.69382700675,
0,289.894489766,5.66264074059,
0,368.439861743,7.75918794101,
0,407.323388188,7.61702205136,
0,468.940133687,3.75338461028,
0,521.211821464,9.37934947075,
0,569.969494492,4.88536980673,
0,589.547236155,12.6681660448,
0,609.972939682,4.58431578552,
0,621.087342268,11.0186401232,
0,642.703080195,6.73986304024,
0,683.447276046,8.49716067701,
0,709.845835062,4.51363109993,
0,729.13428433,5.68817098292,
0,767.860178076,3.22988054927,
0,782.082355528,6.37760068384,
0,803.62170282,12.8503071848,
0,821.179194006,10.8747124571,
0,909.857314885,6.61548763051,
0,942.145163442,5.46575915554,
0,967.425589039,7.45261064121,
0,985.427210051,11.8230778557,
0,1006.6408447,9.53552339993,
0,1041.59680677,6.44164611505,
0,1069.48186861,10.8860679705,
0,1084.9694054,6.76455921787,
0,1129.32251164,11.7342367969,
0,1169.74093803,5.86149715612,
0,1184.52068927,9.74317445163,
0,1208.17361833,18.3359736445,
0,1229.4502331,6.11915747257,
0,1242.25726124,5.89388323201,
0,1304.24852752,5.47344598219,
0,1322.5773012,9.09344808702,
0,1363.09926192,9.9895829569,
0,1424.26937273,7.9261014224,
0,1442.57826751,6.12715779394,
0,1469.97603649,8.06754186776,
0,1560.10805371,4.55531956694,
0,1589.55046154,9.82905528162,
0,1607.1236601,12.0457138907,
0,1644.88981045,6.66905718177,
0,1666.25301852,3.61228843623,
0,1686.3529073,10.7527797669,
0,1706.0807473,5.99745293634,
0,1746.29629988,9.8641110602,
0,1809.74698385,10.9867031771,
0,1821.00495787,7.74450721018,
0,1847.33508757,5.28005027131,
0,1862.89594795,10.5729045536,
0,1889.66039219,6.59593163532,
0,2021.27987652,11.804239873,
0,2048.83101095,9.83734301358,
0,2085.99646846,6.17633766492,
0,2147.34673596,7.0846100719,
0,2167.63611217,4.22348899915,
0,2209.97926075,6.90385447557,
0,2262.43136694,9.25247901663,
0,2287.60558787,7.59830217131,
0,2300.08182802,5.57774365656,
0,2342.3679851,7.0445747104,
0,2360.90160717,14.8064180547,
0,2389.94845029,4.85591992826,
0,2404.86056019,5.22924522226,
0,2429.91120609,10.7562745858,
0,2487.37424561,3.80895661262,
0,2520.18584453,8.06720313343,
0,2569.96515135,10.7160218711,
0,2589.79111303,8.52888779346,
0,2608.48117758,9.09420839396,
0,2709.83036671,9.30363223032,
0,2804.29161816,7.91189125474,
0,2829.65074034,12.2280149223,
0,2869.91426846,5.0350240315,
0,2902.55418157,7.33804747044,
0,2924.41382081,8.30334370916,
0,2940.4295875,5.77899019929,
0,3041.21295105,4.85424938029,
0,3065.27080146,9.26305512113,
0,3089.12595915,11.0623548691,
0,3149.76417451,4.69958233463,
0,3228.81399255,10.2843895276,
0,3289.93501203,7.12446379287,
0,3305.93284971,11.0969043803,
0,3348.13788835,14.991574205,
0,3380.3075733,6.20581180093,
0,3448.57060889,5.20144296835,
0,3489.99203064,10.4581515917,
0,3549.99192314,9.52602574601,
0,3569.61007774,7.93914563219,
0,3588.61554928,5.64242075739,
0,3605.11827185,6.93899228846,
0,3628.36224585,9.09359198009,
0,3642.7141844,3.82707121367,
0,3663.78085141,4.79314232046,
0,3689.97200881,8.68981402164,
0,3723.54836351,6.87270093793,
0,3808.47208228,9.54720664885,
0,3829.94572521,10.4107213365,
0,3909.92788973,7.67287020117,
0,3925.63790156,8.70119808547,
0,3963.47350585,6.21973357614,
0,3983.74987091,7.30618192298,
0,4028.08505338,12.4765028361,
0,4042.72900499,6.48426389424,
0,4069.84217244,3.05510660803,
0,4089.96535878,7.00624520972,
0,4120.31367001,11.2653028921,
0,4289.72629698,6.93479687791,
0,4349.84851534,4.44287429592,
0,4369.52195684,7.65651417409,
0,4380.08527257,13.6709140223,
0,4489.22597218,4.25421553155,
0,4509.96287969,5.74558444811,
0,4548.26370966,14.4368044183,
0,4589.90039045,5.27504165485,
0,4603.67428284,11.1167678141,
0,4645.03753646,15.6024564447,
0,4689.63634671,13.4264902349,
0,4709.72191103,11.5509389506,
0,4764.47159175,6.55629110649,
0,4785.67294401,15.9791257032,
0,4809.92764265,8.35703550717,
0,4825.60029082,7.90995050201,
0,4849.98722533,5.72018191676,
0,4887.79217069,3.26400205929,
0,4909.83309507,11.5507011498,
0,4923.03075438,6.22189622474,
0,4945.38998456,6.35911512299,
0,5009.87835978,4.89239390766,
0,5049.67394152,9.83095620235,
0,5067.42560019,4.43818568924,
0,5089.99368605,6.24135961264,
0,5100.69190005,7.46801124651,
0,5129.7498384,7.97765124063,
0,5229.9890833,6.67482927804,
0,5264.49560205,5.00390836265,
0,5469.89353225,8.14385088424,
0,5489.8630911,6.42114639842,
0,5529.97877238,8.03240214047,
0,5544.41384956,7.60287348313,
0,5625.44052997,8.65056069425,
0,5684.94253045,8.58633149902,
0,5708.67889287,9.52904152072,
0,5749.93294871,9.5865443335,
0,5769.82994282,11.4354912305,
0,5789.84284339,9.8760250884,
0,5823.01969717,1.80071524749,
0,5849.98389725,3.81711230771,
0,5867.91922179,13.1222310177,
0,5886.25810596,7.01453816987,
0,5969.94531752,9.74886599358,
0,5989.74129066,6.73940119172,
1,8.41396066824,6.66703506219,
1,23.4550947721,19.2431347863,
1,69.5204219449,4.62895777957,
1,88.72728861,5.4851369143,
1,106.158217578,3.57502145202,
1,149.577568119,5.29310245966,
1,189.325634912,7.02596974742,
1,249.604079779,6.25092809382,
1,265.090626314,12.0249687886,
1,369.580865019,10.5416995714,
1,467.26898304,10.9539699397,
1,529.564101587,6.7244348899,
1,547.228653257,6.70403211009,
1,569.992907006,13.985484627,
1,588.726853061,5.47427596323,
1,609.744130519,8.25921559941,
1,627.265789368,10.1425615443,
1,649.987000984,5.27654818754,
1,688.841844943,9.30594169984,
1,708.167884451,9.25468770639,
1,769.77888754,10.2577722202,
1,789.945047968,4.19218614368,
1,805.054667582,6.30433083266,
1,820.597524561,9.15795060684,
1,909.218484391,9.14640782677,
1,949.038295707,5.38122066391,
1,969.523757676,7.42155876265,
1,984.677320295,9.71887449796,
1,1001.90854607,11.0813262673,
1,1048.47352411,5.83118694551,
1,1069.34706218,3.39254285959,
1,1109.01165149,7.01090252529,
1,1120.41053965,9.25238146735,
1,1149.80294681,11.0590774482,
1,1169.86241517,8.91014553339,
1,1184.51887412,8.59913185083,
1,1209.56752524,8.31508641899,
1,1228.49808171,3.15626612802,
1,1247.65139924,17.1586026661,
1,1305.99989347,6.72341820458,
1,1329.30753244,7.13925271988,
1,1369.95764435,11.5383862172,
1,1409.81000108,10.719560486,
1,1428.98928627,7.50938001686,
1,1449.51506067,5.99129807013,
1,1469.99171632,5.23659542154,
1,1561.38892949,5.40525533546,
1,1587.53458124,3.46171838083,
1,1649.1400787,3.11979548277,
1,1667.99082149,4.83432987129,
1,1682.11229111,6.13096598591,
1,1749.97399973,5.85178487232,
1,1828.7417397,8.01707682881,
1,1848.87179252,6.50571141158,
1,1869.93227368,2.99367805179,
1,1884.56795865,7.59100813484,
1,2029.7899891,8.48964302335,
1,2049.00564657,8.90413452101,
1,2086.99822993,8.13363992143,
1,2149.79178226,7.40157694571,
1,2169.48022283,5.40006508479,
1,2203.78349083,7.1010798794,
1,2269.17998177,3.11926124003,
1,2289.97929669,7.75755609106,
1,2309.07207926,8.97945981624,
1,2341.9673039,14.276246996,
1,2369.96607592,7.55865983081,
1,2386.43929607,6.80212789396,
1,2409.99125722,4.91305796972,
1,2429.96517894,8.36781423592,
1,2489.90642686,9.4328923455,
1,2529.95588892,6.39939687369,
1,2569.96530949,4.01444074022,
1,2602.36818635,4.50934982593,
1,2628.60614868,6.17687174558,
1,2709.9841562,8.46843266572,
1,2809.252168,5.59196233517,
1,2828.53529732,9.34946808072,
1,2868.63742979,5.04560034483,
1,2887.26874804,7.97259630179,
1,2908.81782225,9.65885120218,
1,2928.48572168,7.5996553469,
1,2947.89854517,8.55339649364,
1,2968.52044728,9.47939986537,
1,3049.91250413,5.81247982581,
1,3066.71873455,8.24331224026,
1,3089.66068624,7.67401682121,
1,3149.80630255,9.39333369878,
1,3280.08008315,9.38952143408,
1,3308.65424398,16.7599093091,
1,3382.07237937,10.8211871787,
1,3485.08174434,5.56250930051,
1,3549.96632553,7.99259547703,
1,3569.84659131,11.1606212397,
1,3584.9861195,4.63723195258,
1,3609.34077305,8.02184982163,
1,3628.2906854,6.74372859878,
1,3648.23732095,6.59423426397,
1,3668.79923038,3.85564801538,
1,3681.13456475,7.17569690782,
1,3724.5042479,4.61450435697,
1,3803.28421907,8.76547017541,
1,3909.87302824,8.01189187705,
1,3969.86808055,6.92363296084,
1,3989.97881964,4.08382929719,
1,4029.20839458,10.6394227429,
1,4049.42235959,11.7376155265,
1,4063.45496186,8.90977291314,
1,4085.3882222,6.6745773109,
1,4128.68301507,9.75465412189,
1,4289.99240225,7.55161208465,
1,4344.88758501,7.23767882872,
1,4360.005,11.008357281,
1,4389.5295175,4.1481491989,
1,4489.91948637,9.78160348052,
1,4509.88474821,5.41930325305,
1,4520.005,15.0410914849,
1,4564.03266499,4.41149959661,
1,4582.09628523,5.97285126783,
1,4608.99532981,6.28605137018,
1,4627.08722299,11.2822153809,
1,4649.08862327,11.6741825967,
1,4689.3470657,6.17675019131,
1,4706.12393777,10.4495005385,
1,4769.28394896,8.36711855267,
1,4785.27520291,5.28049328656,
1,4809.75267245,11.1105456412,
1,4826.77572882,6.06095647266,
1,4843.95767162,13.2216383791,
1,4884.71779788,12.9054630666,
1,4929.95522751,8.1586781016,
1,4946.76877081,5.13157469074,
1,5009.58837616,3.26866206009,
1,5041.32447022,9.15034092497,
1,5068.78584644,4.24217847796,
1,5089.99712766,9.72388820864,
1,5101.91671241,9.42327026816,
1,5121.12807399,10.2638487272,
1,5229.85030641,9.26460704994,
1,5240.005,9.89668800084,
1,5269.97928322,9.61257179046,
1,5465.01336961,7.54757648025,
1,5489.16636022,9.34114945978,
1,5522.19009309,6.69560340971,
1,5549.06900768,8.90394932712,
1,5627.8123478,6.56868938203,
1,5689.54627313,12.3401867726,
1,5703.09593558,6.45193059359,
1,5749.82423129,4.74184752734,
1,5769.88562645,6.462937657,
1,5780.76169627,8.37855033045,
1,5829.57038791,12.667194501,
1,5849.98788833,12.4563598238,
1,5869.76747519,5.05944308379,
1,5882.91195956,8.79977827919,
1,5989.22303841,6.19361797408,
2,9.57638517591,3.48408119103,
2,29.2147035761,14.3492611971,
2,69.6811752572,12.430522974,
2,86.066192858,9.47364380053,
2,109.042815986,7.23564432409,
2,143.179589499,6.74885615841,
2,189.545302762,2.38147869653,
2,244.571707965,8.30965596662,
2,263.75653308,14.9353282989,
2,369.297894223,9.19138755566,
2,409.865093225,7.09209744205,
2,468.902477468,10.7683369864,
2,529.707909424,6.58416297307,
2,569.935399941,5.71272108195,
2,603.487125485,6.67348880597,
2,629.855261584,5.05778612219,
2,649.909361366,6.38410996081,
2,681.000304051,8.71711069191,
2,704.890234581,8.20521865947,
2,724.457649786,12.2363100955,
2,789.663349828,6.28884851422,
2,809.744306229,10.246217757,
2,829.541561147,8.94689893105,
2,909.491142873,4.62669356489,
2,949.464197038,5.93482980873,
2,960.005,5.78892612943,
2,989.076041461,10.817994894,
2,1006.89803013,9.37281838562,
2,1049.08094312,6.40521505338,
2,1106.37296775,8.08442993792,
2,1129.66518934,4.99944910891,
2,1149.77472321,8.54872888923,
2,1169.09559345,9.26248962617,
2,1189.90836366,6.79850808519,
2,1209.66694991,6.49445553733,
2,1226.10275787,12.6107681174,
2,1249.09433798,8.73788703591,
2,1304.81801064,10.4038190683,
2,1329.80706158,6.93039134119,
2,1369.56950148,8.80897286565,
2,1429.94650706,7.20175879832,
2,1449.32617724,3.89332185248,
2,1469.94201308,10.2402820577,
2,1568.61577213,5.74378541945,
2,1583.84006566,10.8602748742,
2,1645.37828587,7.32122777291,
2,1689.99652393,6.816493518,
2,1807.00204282,6.24949266937,
2,1821.66124444,9.29870400804,
2,1848.1477218,7.90113452509,
2,1867.39806977,10.3026881164,
2,1889.34305279,13.5613381113,
2,2029.53263278,7.700718529,
2,2042.64175684,8.03617185109,
2,2088.80667612,8.00502088177,
2,2149.82433581,15.7135868784,
2,2169.13117377,8.56178517484,
2,2200.53223411,10.0115756935,
2,2269.81767078,7.5865860808,
2,2285.78999929,4.88520127274,
2,2309.36425493,7.05438182511,
2,2349.40767862,16.2967171863,
2,2401.16212402,4.98794971665,
2,2429.91625409,6.17220736056,
2,2489.74485362,6.60849548408,
2,2526.9690113,6.40627430189,
2,2540.005,10.9314037264,
2,2563.14109684,7.9566021863,
2,2609.33435379,9.87184111519,
2,2709.91120338,7.84198587329,
2,2809.98680223,14.1805584239,
2,2869.87901412,3.44744723024,
2,2909.78786903,5.23672667854,
2,2949.6893639,8.78115206974,
2,2969.26132367,7.57316188911,
2,3049.98653716,6.21147857968,
2,3066.73767609,13.215942193,
2,3089.17980683,4.90088120912,
2,3147.15035388,6.21482018473,
2,3229.68518247,5.31017396412,
2,3289.93950673,11.2592167721,
2,3304.93514503,10.6707604443,
2,3345.13117823,9.80331951255,
2,3387.30086041,8.43412724153,
2,3481.94435241,5.71369149285,
2,3546.67690472,11.6390858747,
2,3561.99054566,5.49768614663,
2,3589.26293844,6.60663334565,
2,3605.04135014,5.58584076807,
2,3625.57282482,10.47727043,
2,3642.90669177,9.814759882,
2,3689.87046284,6.67520262931,
2,3726.52200121,4.55567558347,
2,3805.59246823,13.9761826582,
2,3829.69419985,7.67045277238,
2,3909.52451651,8.48100651742,
2,3929.16342941,7.07131512472,
2,3969.42230448,6.67271721553,
2,3988.18918991,13.9338981348,
2,4048.96243475,11.8343296214,
2,4064.37163247,8.29678210702,
2,4089.12560468,7.35887066574,
2,4120.52828514,7.24104933447,
2,4289.99595126,6.13558022152,
2,4349.99635934,5.26755177117,
2,4389.65534152,9.66853214948,
2,4482.14808249,9.03978370175,
2,4503.18171007,4.72363270718,
2,4589.93784915,4.7435736192,
2,4609.70647067,8.46918099684,
2,4640.005,8.63980126289,
2,4689.78634953,8.88923202866,
2,4702.09929429,9.04456479729,
2,4769.99464203,3.70510248653,
2,4783.15528104,4.21548741316,
2,4802.50143439,7.97641414302,
2,4824.79579294,6.91527030635,
2,4849.89139456,5.53159856874,
2,4929.17939849,7.58609075543,
2,4949.29373907,7.74030103894,
2,5009.97800038,6.10413418892,
2,5049.960571,8.80456186044,
2,5069.57714744,12.3708451821,
2,5089.99068564,6.6440077976,
2,5109.56169774,3.9050559518,
2,5124.75956448,4.62586679619,
2,5229.99063006,7.58225053542,
2,5269.9210325,5.35162556218,
2,5447.41878511,9.54716422791,
2,5460.38886445,5.66456919825,
2,5483.28408703,8.85439687695,
2,5529.79005158,7.56782846837,
2,5548.98855301,5.26427670895,
2,5623.90747949,5.86198596618,
2,5689.87397714,8.97873704075,
2,5700.10224027,5.56239261136,
2,5749.82958059,6.55740783022,
2,5760.88354293,12.7416897101,
2,5789.87465284,9.35577741726,
2,5829.95213538,6.45928480744,
2,5846.27555807,12.1580726763,
2,5867.53140195,12.1003807302,
2,5886.85308276,15.6515184925,
2,5944.1053612,4.2735639324,
2,5989.3468473,12.3673528739,
3,22.7033289204,5.63161760359,
3,69.4750882707,6.29687660158,
3,86.6917430416,5.6996839429,
3,107.721671866,8.02740154145,
3,147.177104415,6.32801929133,
3,185.07162385,9.77268997464,
3,249.685026757,6.87900991315,
3,269.899614439,8.42232978184,
3,368.819935376,5.44134762273,
3,528.519243911,1.83320123403,
3,569.922327821,10.024922779,
3,607.461183488,4.26359643079,
3,629.384516872,6.72723914967,
3,640.138024277,13.5887642267,
3,689.43641603,17.0106898109,
3,709.99967585,7.76218748695,
3,768.528963771,4.15932932274,
3,789.78464846,8.44369397626,
3,805.428190709,8.20343314201,
3,829.007796786,7.7045103417,
3,860.005,6.05294878459,
3,901.142209473,4.70321798124,
3,968.162406691,4.53528333536,
3,985.631174543,7.9666118432,
3,1004.46602975,7.34613723103,
3,1046.21062773,8.45781455504,
3,1062.18593044,7.51744471144,
3,1129.44469084,7.13700881912,
3,1149.04971743,12.1115268618,
3,1168.26649837,8.20026100786,
3,1185.53301257,9.93296649865,
3,1229.58952633,8.49498410463,
3,1242.74501512,6.7361199625,
3,1309.73060239,5.23333330384,
3,1329.60182852,9.54195135019,
3,1429.73424423,4.12467737244,
3,1449.78052698,6.88556619605,
3,1467.77431592,8.80166445537,
3,1565.55828521,4.24127451537,
3,1589.95908325,6.33559096259,
3,1608.76644811,5.62407944482,
3,1647.5940983,4.36375315917,
3,1666.84061027,7.8445326442,
3,1687.80186988,9.11984101461,
3,1709.04267356,6.17591286878,
3,1824.96433635,14.9557597224,
3,1849.72189613,5.92955772576,
3,1869.56311227,10.7422269003,
3,1889.99276574,4.40004728454,
3,2029.43813981,9.26768838233,
3,2049.23543115,6.44427906713,
3,2089.86697817,5.04993298526,
3,2149.40702666,14.1093608955,
3,2169.60936663,10.5779746165,
3,2209.3508347,10.98726639,
3,2269.80576083,10.7193044687,
3,2285.49466748,4.54194437853,
3,2348.14010455,10.2958456739,
3,2369.21237459,11.7537113482,
3,2401.47541535,11.2986520629,
3,2427.93977026,8.35326903647,
3,2489.90994313,11.4827259003,
3,2529.92706952,10.0524486024,
3,2540.37705352,6.89158089507,
3,2569.88544735,11.4867298493,
3,2605.92724384,13.6988045205,
3,2701.25685712,6.00778231409,
3,2806.16773141,4.84561481302,
3,2829.62598263,9.37893537218,
3,2869.91106881,8.8393868056,
3,2883.51941975,5.16558894734,
3,2904.80518402,8.97496848374,
3,2929.87351919,10.3634701707,
3,2946.62102817,11.1450176549,
3,3046.35006328,4.35075281317,
3,3068.54504723,5.47543530215,
3,3149.61932339,8.13133368201,
3,3289.95577797,9.27328059167,
3,3303.63974643,12.3833773854,
3,3389.26332501,6.08314642433,
3,3440.005,5.99732919028,
3,3489.91154072,11.1235183043,
3,3549.97907482,7.0414148306,
3,3568.85916355,6.20190201947,
3,3589.06819769,2.44810977434,
3,3609.8952477,9.63100076512,
3,3640.57333039,7.62141976682,
3,3669.98187326,7.94058585416,
3,3689.99114802,6.2497531189,
3,3727.50813227,9.76848020481,
3,3809.87487422,4.07457215537,
3,3825.64734983,11.0148093385,
3,3903.16649883,6.94598606843,
3,3928.8041452,10.1048631331,
3,3968.83080571,14.5453484618,
3,3989.86074178,10.3832793369,
3,4049.36518743,10.9654141557,
3,4069.5814583,8.86857807287,
3,4089.84700917,6.23057907903,
3,4129.85074075,9.9706150596,
3,4289.97660663,9.4832625269,
3,4349.744369,7.87876111834,
3,4364.7352466,11.1103106073,
3,4388.68872474,11.8839479644,
3,4440.005,5.84724735089,
3,4509.97107058,8.94216306798,
3,4548.47993942,4.30319090805,
3,4589.35212,7.64498528321,
3,4607.02476331,11.6270255755,
3,4688.89527233,8.82202236186,
3,4701.69006683,9.95592286628,
3,4769.70665465,6.46166441021,
3,4784.87910674,6.21884428714,
3,4805.13758032,5.22834923355,
3,4825.28753031,12.9333431026,
3,4849.78360695,4.80270937934,
3,4949.92568601,4.76371047875,
3,5009.86136684,13.9423914746,
3,5049.73366897,6.72717732207,
3,5089.98845942,12.2937378735,
3,5103.57869866,12.5514313016,
3,5123.65667992,5.81474767627,
3,5229.8837102,9.97312076211,
3,5269.92672813,8.42979874431,
3,5308.76033818,13.0000206696,
3,5360.005,10.7041582235,
3,5466.37669557,5.31368851953,
3,5489.98891108,9.2239108829,
3,5529.5751875,8.96000358761,
3,5547.85047598,3.86574850573,
3,5560.005,6.74486395153,
3,5629.15632898,6.73959875056,
3,5688.36694147,9.13755342625,
3,5700.10428812,10.4919358709,
3,5749.5334779,8.19880329543,
3,5769.99256588,7.70706599925,
3,5789.41698865,5.22750857402,
3,5828.14614705,7.76812770691,
3,5849.94971856,11.5680772046,
3,5868.20183152,7.15602724123,
3,5889.70241642,7.6524143988,
3,5985.85179338,5.29896896828,
4,5.07534429124,7.06657633085,
4,29.9530411338,7.13431004097,
4,68.1732619665,8.80079243042,
4,80.1937552841,5.82427254435,
4,103.630427359,6.91275111285,
4,149.770015186,6.51037153176,
4,189.504191656,6.6829917714,
4,249.235051826,4.7368522986,
4,264.620098957,9.30684638433,
4,409.708841017,5.83717225848,
4,529.546462838,8.84799654574,
4,560.582749566,12.1403279027,
4,583.532729206,6.22846543605,
4,609.569519057,6.81636269196,
4,629.742876303,9.95756484933,
4,649.828262677,4.89880059249,
4,689.902760226,9.20390413453,
4,709.931849373,6.64379213748,
4,789.700808444,8.87655153447,
4,808.789043922,10.206706397,
4,829.816121485,11.9928293334,
4,903.753818449,14.8837462825,
4,945.55735983,9.18044876057,
4,963.926879446,4.79017900601,
4,988.860158164,9.84584859038,
4,1009.32107387,9.51704570904,
4,1046.3910708,7.32756107735,
4,1068.71276061,13.2995637665,
4,1108.55489772,5.40065656876,
4,1120.55259147,8.90486225872,
4,1149.941064,6.16049087115,
4,1169.90432475,10.557123197,
4,1184.49942786,7.87821298749,
4,1220.3843462,12.4923114608,
4,1249.44202337,6.81544447091,
4,1289.36868802,5.94901227699,
4,1308.97715784,19.9580632729,
4,1329.98689277,10.2098765059,
4,1369.68065596,5.33543147671,
4,1420.73233691,6.95395081566,
4,1449.84250306,8.30613757124,
4,1462.47789358,5.56536480849,
4,1569.88288355,8.46319190546,
4,1589.72571364,7.58822282732,
4,1604.11947488,8.64061139852,
4,1648.28441375,8.71321140719,
4,1667.28579152,4.28653724094,
4,1689.96686428,6.07543970819,
4,1748.16246531,5.71216300885,
4,1804.5369831,6.93602596355,
4,1822.95024237,4.02193502962,
4,1848.28071444,5.06082106057,
4,1868.65352982,8.03723361366,
4,1889.89646076,10.1847516332,
4,2026.58005181,9.1545576584,
4,2044.94731497,8.96682653782,
4,2080.14499904,8.60684577259,
4,2149.64302983,13.1242685173,
4,2168.13740348,5.13392111058,
4,2203.02453378,10.3095211146,
4,2269.64024219,13.4424291073,
4,2306.3809958,4.35364073948,
4,2347.80982288,5.26383077101,
4,2369.79262589,6.47950433378,
4,2389.82101866,4.80812312814,
4,2409.26901607,10.245597783,
4,2429.96184557,6.44714682041,
4,2486.03330618,5.92391521803,
4,2528.41949511,4.72974205775,
4,2548.78386329,10.3662124394,
4,2569.92076108,8.40147746933,
4,2589.55411893,5.74572656448,
4,2608.45216308,9.97920218098,
4,2701.52545938,7.71283691709,
4,2809.65432375,5.83808196377,
4,2828.91895187,5.5385890889,
4,2863.060871,8.24275984954,
4,2888.78468547,5.23286124993,
4,2909.9721022,10.7143031557,
4,2925.26357265,7.87317051974,
4,2949.43088255,4.829757714,
4,2968.64236979,8.71695944437,
4,3009.58083054,6.31339830771,
4,3049.96133419,5.67152364246,
4,3069.41228918,5.83575590192,
4,3089.48753194,14.49533837,
4,3146.94145297,7.154635125,
4,3289.97518608,5.76293398943,
4,3308.94613611,9.11201227829,
4,3349.631159,9.49547562759,
4,3382.21045481,8.95982768806,
4,3489.99652098,5.95909766412,
4,3540.17682487,6.09963288372,
4,3569.83357149,6.20291203074,
4,3589.83237592,10.4905590565,
4,3609.39883608,4.67620155138,
4,3626.59094337,5.03018116418,
4,3649.18351708,11.546350711,
4,3668.81400023,9.39257459351,
4,3689.99411074,8.77207710104,
4,3726.06339408,7.94110204236,
4,3768.61618345,11.2050203463,
4,3800.99995829,8.05615120188,
4,3826.21454256,6.31509538597,
4,3909.92629207,5.56695996099,
4,3929.83357951,7.79665252545,
4,3969.95827645,9.43234323972,
4,3985.26029362,9.47497460363,
4,4049.8168,6.01061826322,
4,4063.83818727,9.91956133472,
4,4089.80667329,7.55527355146,
4,4129.47606261,13.5098542129,
4,4285.41255383,11.6100411816,
4,4327.61983705,10.4732046058,
4,4349.90788802,8.14495263728,
4,4362.66153144,5.85000129491,
4,4384.14502284,4.94057061057,
4,4509.97795814,12.076164744,
4,4524.34713555,6.19641539375,
4,4584.70011937,9.75553317161,
4,4608.90428826,4.52194305171,
4,4641.97920395,16.6134932659,
4,4687.78300919,7.09591895067,
4,4700.80647149,11.0571451566,
4,4769.32909402,16.5140629472,
4,4788.26751592,4.82936012225,
4,4807.09672758,8.01515367329,
4,4826.49411282,8.86568927801,
4,4843.18746168,9.52931542246,
4,4889.12761462,5.73821871619,
4,4928.23570495,13.8906284901,
4,4949.04756164,5.37139868705,
4,5009.99509528,9.27026026834,
4,5049.94195944,9.34413120887,
4,5068.05832821,8.58591667779,
4,5089.97635492,8.55506752359,
4,5108.58188443,11.863591709,
4,5120.49166832,7.07599249031,
4,5222.79715348,5.64936657462,
4,5247.69760978,4.37750906964,
4,5269.98694258,8.91095049276,
4,5462.05425178,6.46488699135,
4,5482.74955133,5.5878135431,
4,5527.98408479,7.22798404862,
4,5549.86010511,8.41358628233,
4,5685.86615978,9.3780740249,
4,5701.06854526,10.3741993158,
4,5749.98589586,8.06741614398,
4,5769.8530398,5.20520647819,
4,5782.56577081,7.83287183926,
4,5829.78349902,3.84503073044,
4,5849.99444566,5.33910552815,
4,5888.41014666,3.10905730932,
4,5945.83855586,10.4590974889,
4,5989.72262222,4.62466105102,
5,9.54657155045,4.40052482971,
5,23.4426349332,7.46667753688,
5,67.9128543401,10.3016064146,
5,82.5355776591,3.12705042836,
5,104.612928559,4.52420843383,
5,148.781956919,7.14409281249,
5,185.789612892,6.41031002811,
5,247.27788371,17.6999150978,
5,269.908251196,7.18324735571,
5,408.682023235,9.48366002558,
5,529.290091298,9.02128689996,
5,569.944051259,7.39956240373,
5,609.571909075,16.1902678056,
5,629.439253058,8.03709941106,
5,649.860477421,7.91376045436,
5,680.27473109,6.5452434041,
5,709.545863496,6.0002097473,
5,725.257976968,8.9504360126,
5,740.005,8.85241478805,
5,766.76039254,12.0020276627,
5,789.513019949,10.0926961852,
5,808.96381957,10.6306168636,
5,827.457029343,9.9032736562,
5,909.979981238,5.04326573793,
5,949.431734083,6.87367255241,
5,984.570523262,8.47193019389,
5,1000.71681325,13.6530883484,
5,1129.22964744,4.98899615237,
5,1142.02787665,7.87615378131,
5,1169.99102587,6.59513945906,
5,1185.3188372,4.90665993704,
5,1227.02395729,10.2793994137,
5,1249.56639882,5.59640484953,
5,1329.57440148,7.36331671484,
5,1369.60319855,10.2333786235,
5,1428.68501711,9.60828139641,
5,1448.85605388,5.33281332925,
5,1461.96367477,10.1622011445,
5,1500.005,6.65041788984,
5,1565.6293074,8.52709578643,
5,1589.94900979,9.18375631432,
5,1649.50290729,5.66681282053,
5,1669.456855,8.55686463979,
5,1689.52558776,4.89808056117,
5,1700.005,8.40636053853,
5,1808.02345649,4.8328955269,
5,1826.00310351,7.18140213188,
5,1842.38167836,11.850858143,
5,1869.92410211,4.67105780528,
5,1880.57567199,4.29922595995,
5,1920.005,8.11856800874,
5,2000.005,12.1316802021,
5,2029.59972101,5.69884215171,
5,2049.77509697,6.91015378875,
5,2089.97100258,9.74810003134,
5,2149.72984457,9.23273440372,
5,2164.75848287,4.46285685684,
5,2209.77900953,6.04522880965,
5,2263.50847254,8.25311733877,
5,2284.44805358,9.0377837892,
5,2302.22312322,10.5120345965,
5,2347.22294251,4.85803535874,
5,2364.31319056,7.26678365,
5,2428.6714884,7.40933591444,
5,2487.42784968,5.35581684798,
5,2527.10757944,5.90235065833,
5,2548.04254557,14.1182463778,
5,2569.98744325,7.8546556387,
5,2589.79492919,3.70729539768,
5,2601.02855774,5.57954749198,
5,2709.96576907,8.25522486086,
5,2809.73969002,7.6679218809,
5,2829.82731833,6.95744006095,
5,2869.9500715,6.93370888485,
5,2909.43600656,10.5704534468,
5,2929.28477707,6.54453088008,
5,2949.91596877,7.4298372422,
5,2966.50247457,10.3714261453,
5,3046.54295452,5.25637422043,
5,3069.32386589,8.42460755133,
5,3147.69849047,8.008557527,
5,3289.98694659,8.16718040252,
5,3347.62794233,7.3981500325,
5,3384.63583523,5.74275834559,
5,3489.75882492,12.4498868427,
5,3549.97852341,9.83813501532,
5,3569.7121442,8.0580872517,
5,3589.23229959,11.7483694376,
5,3608.56133586,6.55736018146,
5,3640.53024357,11.3521134394,
5,3667.33245059,5.19202250835,
5,3686.72097977,7.49229815688,
5,3727.96344311,7.45446239083,
5,3740.005,9.79590071339,
5,3807.48145254,6.78043768133,
5,3880.005,7.04439898594,
5,3909.80754897,10.6358469825,
5,3925.76919499,6.24525150594,
5,3966.65938381,2.4861495083,
5,3989.51051892,8.80859620534,
5,4028.65928649,12.6587777926,
5,4044.67605388,11.2093878432,
5,4069.45128831,7.00338567851,
5,4083.43340265,2.69153002777,
5,4127.27297424,5.28421536554,
5,4220.005,8.46746012659,
5,4289.95981245,6.15258980848,
5,4300.005,6.18174932049,
5,4348.34068178,6.47703739124,
5,4389.30955207,9.21535279162,
5,4509.98290449,7.16553917187,
5,4608.81977709,4.30114070906,
5,4620.005,9.86430786367,
5,4647.39175806,6.27424277446,
5,4684.09517216,8.26050570536,
5,4703.23714069,5.98938785375,
5,4768.94381386,10.5992977444,
5,4788.65221874,6.9384369033,
5,4809.94019965,5.27294509757,
5,4829.16768553,9.03061556656,
5,4849.83522759,11.416827284,
5,4888.60182548,7.65331966591,
5,4924.49477639,14.5537498686,
5,4949.94186299,3.68928666088,
5,5005.70802754,7.76356366716,
5,5049.73229527,5.33537906055,
5,5089.99887103,9.9619418995,
5,5106.01577767,12.0292165294,
5,5120.31793017,10.1733253154,
5,5229.95549401,2.25930346503,
5,5242.01803006,4.54926937799,
5,5269.91958577,6.19925282637,
5,5440.005,8.00499098225,
5,5469.35796884,6.0333881954,
5,5489.49829636,8.98629207215,
5,5529.98194905,4.44322542039,
5,5545.33969182,4.76646897877,
5,5682.03453621,11.3893706472,
5,5707.71098599,7.84885578075,
5,5749.26799505,6.93994112036,
5,5769.94595725,6.6735274323,
5,5789.92837464,6.60291047856,
5,5829.65115445,10.1101084707,
5,5849.99061762,7.80673281697,
5,5869.55874432,7.22331236023,
5,5889.77843057,9.08817426917,
5,5948.24583746,6.324013639,
6,7.57980759445,7.17793691615,
6,29.4542178248,8.55115395407,
6,67.0760495553,8.47914715465,
6,89.4046191237,5.90790347066,
6,104.708142449,9.62704433483,
6,149.457094006,4.40781856135,
6,184.721278695,4.80316016769,
6,249.283343065,8.29445121916,
6,268.520418788,15.5594906892,
6,360.005,7.40935171784,
6,528.530129526,10.079940444,
6,565.66405782,15.2332037735,
6,589.074477455,5.48139033004,
6,609.937773412,3.69112255057,
6,629.362770094,3.39221049959,
6,649.893081883,5.48242125882,
6,689.475572437,7.81344535568,
6,709.990169855,8.04211060815,
6,720.005,12.6673784624,
6,789.411501665,11.2544812786,
6,809.064607579,10.6651492197,
6,827.155122869,7.45586022058,
6,908.409572477,10.4239687995,
6,949.714068727,8.7404256507,
6,966.466369836,13.7826893064,
6,989.780075809,6.0736494487,
6,1000.72786859,8.19432220355,
6,1049.61232993,7.8625311395,
6,1109.74354347,5.28954431983,
6,1128.37594871,6.45664072703,
6,1148.91460439,10.3508404573,
6,1168.3843022,17.1568117227,
6,1189.33073371,7.58998757011,
6,1229.73220125,13.4928472452,
6,1309.24074992,9.29808342067,
6,1328.84994203,6.91283096057,
6,1367.26952278,3.13980186687,
6,1400.005,9.82428694351,
6,1421.99184045,5.51368935579,
6,1445.56045444,5.1069483321,
6,1469.97686443,8.21509585819,
6,1568.87682651,6.55483595691,
6,1589.74356824,6.62681806055,
6,1608.93161605,7.28679373177,
6,1647.51655763,11.0321121574,
6,1669.6064795,10.8716717648,
6,1689.70794463,12.9126477917,
6,1748.99271383,9.18846451491,
6,1805.31235352,4.93673342156,
6,1829.82972993,6.51720588734,
6,1869.65012373,8.04398417207,
6,2023.41740598,8.36387397734,
6,2087.56028862,9.43633910167,
6,2149.18249735,6.24037116643,
6,2209.97664771,7.34712913067,
6,2269.62268098,9.62240074248,
6,2289.30128767,6.25224938815,
6,2300.39004609,14.0486093854,
6,2349.91651542,10.9684062148,
6,2369.16488477,8.55379019001,
6,2407.37711565,7.31793960939,
6,2421.79253556,8.21508552465,
6,2489.25652152,14.2176506962,
6,2569.98335476,3.7839774925,
6,2700.06422255,9.21824393329,
6,2803.75208846,9.23224633029,
6,2829.9524264,4.24078658919,
6,2869.10046869,5.67847499543,
6,2885.99596096,7.89269111506,
6,2902.85170081,8.43742703087,
6,2949.94821134,6.59638356323,
6,2969.47898581,4.96521289542,
6,3000.005,10.2441776622,
6,3025.64362215,4.91267601721,
6,3043.41826848,12.8589441641,
6,3066.40282455,9.28095599735,
6,3080.005,4.40303533131,
6,3149.82590129,6.60332706865,
6,3220.005,12.1226499057,
6,3289.63332209,7.68596580989,
6,3300.93602038,9.50089768882,
6,3340.005,12.161718231,
6,3386.93924439,10.3761093087,
6,3489.89290849,10.0268126451,
6,3520.005,10.0990570797,
6,3540.17188786,17.167444406,
6,3562.75854061,12.0168990262,
6,3608.66721216,5.07343376178,
6,3629.63391792,6.99389166655,
6,3644.23720189,4.43878195254,
6,3669.57835737,8.26305160012,
6,3689.87628245,5.08104462476,
6,3728.06448989,4.55180110213,
6,3809.86127807,10.4674569972,
6,3908.97848416,6.32796758341,
6,3929.74809001,5.16629637517,
6,3969.66119859,17.8462659136,
6,4049.15026076,10.9790316469,
6,4069.41630706,5.2844310104,
6,4089.58960487,6.49416938703,
6,4128.03102729,10.1695952478,
6,4240.005,5.13124611724,
6,4289.99615987,10.0311784416,
6,4346.93357676,9.68687438581,
6,4365.25917658,4.55034149361,
6,4389.3435427,5.6399286839,
6,4509.98608187,8.8464911731,
6,4589.92795183,4.41979616059,
6,4609.98405889,8.45084143397,
6,4689.14942047,8.25002918765,
6,4709.95190261,6.59686406046,
6,4740.005,7.3222023446,
6,4769.21053037,4.10364714003,
6,4787.58898204,6.41659263965,
6,4809.98458848,4.91667948712,
6,4829.49475287,14.1736961029,
6,4846.29362882,6.95889413926,
6,4928.2562173,8.08237319677,
6,5009.66909274,6.535170036,
6,5045.75672754,6.49396085823,
6,5068.56649341,9.64403509203,
6,5089.95971385,7.21269213702,
6,5109.51185018,6.91770364134,
6,5129.96065826,5.96799585023,
6,5160.005,4.95610887683,
6,5180.005,6.24335071907,
6,5229.65933383,10.7319085209,
6,5241.53264353,6.93222476016,
6,5260.02507004,12.6800526641,
6,5462.36803048,12.3207696868,
6,5489.62068071,11.1290760545,
6,5529.840021,8.33614295463,
6,5544.06071845,11.1003751877,
6,5627.96167318,6.33621682179,
6,5689.97602653,6.43504465105,
6,5706.94237809,9.84143765033,
6,5743.85289806,5.26755697167,
6,5769.89234081,16.6403171517,
6,5789.87074112,3.78094431116,
6,5828.90441214,7.58319018554,
6,5849.94363256,7.86335435452,
6,5888.69823076,14.9683543829,
6,5986.98557035,7.19408919907,
7,8.0993333415,9.5943776787,
7,26.9052680574,8.5854571599,
7,62.4546531899,5.97828822735,
7,89.5814197245,5.82308916264,
7,188.069422148,6.36294199782,
7,249.954867954,5.52497226542,
7,265.664897282,6.47184820705,
7,340.005,7.40817571691,
7,469.626702292,9.71642667498,
7,529.889716262,9.97742966784,
7,569.92165021,11.2723084937,
7,609.804990487,5.74262812386,
7,629.68535747,6.62985442363,
7,640.575377503,7.15500463422,
7,686.230087308,14.4327155145,
7,709.483628689,8.94617854864,
7,727.175776399,7.13157273882,
7,789.834438602,9.06278999399,
7,828.767015253,5.71236414888,
7,909.941727515,10.5936116761,
7,949.415079107,6.58204192266,
7,969.573506797,4.41287313144,
7,987.587459723,6.88118266222,
7,1008.57206533,7.29690305371,
7,1046.32877904,4.74844588207,
7,1087.27031035,9.67314732845,
7,1128.0096294,11.0878557571,
7,1141.00412558,9.71523643013,
7,1169.33661262,6.26039504389,
7,1188.06486223,8.31499391822,
7,1227.05426017,5.73006361138,
7,1327.10814988,9.05564148679,
7,1424.68300393,7.3755867609,
7,1449.85699367,13.6834014259,
7,1469.924058,4.71661584035,
7,1569.45149383,13.3602850666,
7,1587.6986675,10.6973250594,
7,1607.63885171,10.8922586099,
7,1620.005,8.12292250412,
7,1666.31479031,6.40887896092,
7,1689.23190346,3.57426453858,
7,1749.12917958,9.99509374811,
7,1809.31669747,4.48338938969,
7,1826.34141875,9.03993343221,
7,1867.45672353,8.27027001287,
7,1889.97547781,4.45717863407,
7,1900.005,11.9488247556,
7,2028.10221186,9.088185993,
7,2046.35445289,9.92153493629,
7,2089.26085063,9.33098315911,
7,2120.005,6.38203924742,
7,2149.66790649,8.84696714386,
7,2209.71418996,10.4017220656,
7,2269.40161107,9.7983630411,
7,2289.55109175,4.35445156827,
7,2304.65510894,3.02639485116,
7,2364.74328602,8.88518704936,
7,2402.77426484,13.942630187,
7,2429.78811555,8.07361768117,
7,2440.005,6.98005316309,
7,2489.10533712,13.570740759,
7,2528.62001447,8.87537235029,
7,2569.97711537,5.6925504578,
7,2602.78136585,10.0476948456,
7,2709.68797282,9.3913112267,
7,2740.005,13.9294603037,
7,2805.97375954,10.3699523894,
7,2828.10660597,9.46172359554,
7,2862.66891836,9.45362698173,
7,2880.15227826,7.36743352081,
7,2905.90975501,5.85489322587,
7,2949.24126618,10.7985791156,
7,2962.90770338,8.48047555598,
7,3049.69595953,7.94389195191,
7,3089.38166286,7.10801776585,
7,3149.91671158,9.97874641693,
7,3289.62155304,9.30162623172,
7,3388.63582547,6.22972926465,
7,3489.86059931,4.18564055263,
7,3549.88785775,8.97073019147,
7,3585.9850518,7.859156157,
7,3607.17227053,4.89353842116,
7,3629.16216923,4.29873048782,
7,3642.82685617,8.21721272043,
7,3666.15427453,6.78411981947,
7,3689.8110855,5.1333014265,
7,3724.14222094,9.89533681536,
7,3804.65309073,8.43723385764,
7,3840.005,13.3869236578,
7,3909.47785572,4.55451859961,
7,3929.54516741,7.20929697277,
7,3968.30265687,8.28170895843,
7,3989.57424736,9.02301621662,
7,4046.48138766,16.5366766146,
7,4080.61676554,6.94783516395,
7,4126.89061857,10.388025489,
7,4180.005,2.75606534169,
7,4289.97307802,7.58424750304,
7,4349.23427835,4.17716278957,
7,4369.1973596,9.29711554063,
7,4389.33638733,8.22113136992,
7,4460.005,8.38467802194,
7,4489.25825904,15.8239436068,
7,4509.40348679,7.58772470909,
7,4589.6910052,3.68867522481,
7,4660.005,7.02873632189,
7,4689.770704,4.96950492711,
7,4707.192726,6.64755395332,
7,4809.83031952,3.61626693118,
7,4828.17571445,5.05834805699,
7,4849.93293537,5.97696841802,
7,4921.30755698,4.49268753114,
7,4949.11306338,5.7741400877,
7,4960.005,7.99602644974,
7,5009.69966361,10.2415203282,
7,5049.27180566,6.97848757714,
7,5089.94305319,6.64629491438,
7,5109.27058511,8.06227567605,
7,5129.64334449,7.08598942994,
7,5229.85284697,6.52287732229,
7,5267.97728134,6.38294268927,
7,5460.06591298,5.44852536652,
7,5489.99969842,2.55702391375,
7,5529.57707231,9.96769214879,
7,5580.005,6.21677455632,
7,5628.08941996,3.77423155367,
7,5640.005,5.6507110501,
7,5689.2320057,4.85371000236,
7,5709.93171773,7.74260818089,
7,5749.72837981,8.76478916776,
7,5769.83120304,7.50432628721,
7,5789.89943873,11.9050280846,
7,5849.99671894,9.47094068443,
7,5888.32007858,3.39639919752,
7,5987.4455132,9.55169340246,
8,9.13516827962,9.99073868563,
8,29.7233205323,13.9665162226,
8,69.7152614607,5.60047038803,
8,89.583694194,6.14700976265,
8,103.946806657,5.5855299284,
8,149.843371745,12.6733474836,
8,189.962415245,8.86041906646,
8,248.632268428,5.65386611166,
8,263.328420294,4.96133306775,
8,369.21264455,11.7858033253,
8,409.258064944,4.22536253975,
8,527.126319195,14.1758929525,
8,561.042166027,6.56163594728,
8,589.161886264,11.1321436846,
8,609.847082426,10.5392937665,
8,629.796626174,11.9264931541,
8,649.971918072,11.0199391338,
8,689.751773267,6.88718348886,
8,709.96193282,7.79571336281,
8,729.479708592,8.24342192289,
8,765.223869361,7.53812673896,
8,789.716321475,8.62968042063,
8,809.577340268,5.66929044768,
8,828.955835183,6.57107799469,
8,909.816243844,6.77139358466,
8,942.565984593,5.57240015604,
8,962.108965458,3.57431620786,
8,984.863897563,7.95516738458,
8,1000.18656104,7.40863431387,
8,1045.54986342,5.92900967616,
8,1063.74353838,4.91293145012,
8,1109.25226353,4.63654579981,
8,1125.46776222,11.911549967,
8,1142.16399738,5.93334612555,
8,1167.17977784,11.0023005103,
8,1188.61518542,10.5778588486,
8,1208.47737642,6.30587906462,
8,1223.47813214,9.13301983852,
8,1248.77322211,11.0918093947,
8,1308.90348917,4.09650807114,
8,1329.9130977,6.89945179333,
8,1369.47348756,11.1704798038,
8,1429.8640026,4.78698177179,
8,1449.99407236,7.25214958062,
8,1468.66377657,6.29744853244,
8,1569.71276829,6.32264516317,
8,1589.73696882,5.21589195537,
8,1607.05131994,8.52367150351,
8,1648.83626156,6.21927593379,
8,1667.26082504,7.01746670096,
8,1689.52404898,6.44125127313,
8,1740.005,12.3039053833,
8,1808.91734156,8.42064257668,
8,1824.57918601,10.9734638691,
8,1847.52493977,4.78665544741,
8,1867.95666066,9.53269526984,
8,1889.56047128,6.74919478385,
8,2029.90170621,9.37350225371,
8,2040.005,7.15198985274,
8,2089.8173676,4.18019263576,
8,2149.81069624,7.35392507962,
8,2163.49609489,7.25884496783,
8,2209.95598509,9.23300096589,
8,2269.86788696,8.13755832404,
8,2283.05801977,9.49747469643,
8,2304.56969817,10.7777143007,
8,2349.36640597,8.98719726503,
8,2369.7197193,8.76893661648,
8,2380.005,6.05567824357,
8,2407.37682283,10.2784278632,
8,2429.48763272,12.090051618,
8,2489.73781698,8.57367017468,
8,2529.92047818,17.294745102,
8,2569.99818549,8.18612238723,
8,2589.66406513,8.23263945425,
8,2607.04650796,3.5919573072,
8,2709.37747564,11.6253025474,
8,2804.66767082,6.6858005994,
8,2825.60246677,8.92464718468,
8,2869.90197873,9.95587618858,
8,2880.005,10.9624730011,
8,2909.0370852,13.5252533557,
8,2928.76596044,3.32778244719,
8,2946.29345037,8.05445229287,
8,2969.83391199,7.02170730579,
8,3009.44467356,4.29333749908,
8,3049.97053301,5.73241533365,
8,3066.23034647,11.5800371291,
8,3148.60494399,3.31170893211,
8,3229.71333937,8.91876464966,
8,3289.96772327,6.90504332395,
8,3308.5915986,6.01021811311,
8,3348.67560751,11.3010790851,
8,3389.36487184,7.71281802085,
8,3489.92880971,15.9689022234,
8,3549.99802905,4.15727612167,
8,3569.67023607,5.65138958115,
8,3581.94170531,3.67615252473,
8,3609.33813862,9.46907643737,
8,3623.41988762,6.86074601303,
8,3642.9291081,8.71659144069,
8,3663.79153013,8.93864822038,
8,3689.99977472,11.0619890298,
8,3726.27108276,10.0759143814,
8,3801.23547804,4.71690770875,
8,3829.44417351,7.53194915705,
8,3902.87816332,12.5253904138,
8,3969.97935052,8.79987256971,
8,3989.88530128,4.35102990711,
8,4048.07640243,4.92955555912,
8,4069.64771841,10.655080991,
8,4088.77548989,9.63631659884,
8,4121.73229907,7.29759761476,
8,4280.40398285,9.83543637946,
8,4349.70330085,9.2139344972,
8,4366.25606117,9.94614527621,
8,4380.77609493,6.93871817821,
8,4449.10435519,7.61693640993,
8,4509.96827326,10.983419129,
8,4584.84669879,6.05848684822,
8,4609.83831431,3.42033800142,
8,4625.33567481,7.39290473981,
8,4682.4943685,15.9827796304,
8,4701.84794404,14.6667663287,
8,4769.89878532,5.63407170271,
8,4787.95153283,10.6979079321,
8,4803.28366781,6.79991931136,
8,4822.33444426,11.661866528,
8,4849.8121234,7.58048587081,
8,4949.42148997,8.46827662172,
8,5005.51247473,3.74458576834,
8,5043.62486802,4.6715296746,
8,5067.9943658,7.11384437586,
8,5081.85821603,6.32781622278,
8,5101.22978902,14.0215490149,
8,5129.99622964,8.72827326687,
8,5222.19258106,8.12707619248,
8,5249.19883175,7.28568149955,
8,5269.96722406,3.01580756568,
8,5465.0605698,7.70908538889,
8,5485.51919018,12.9960540755,
8,5529.98376879,10.3905350124,
8,5543.51425476,5.15613153878,
8,5620.005,9.11705995245,
8,5689.50003588,8.36289454273,
8,5708.7672993,7.31387961738,
8,5749.79402238,6.01034829642,
8,5769.997828,3.07987381314,
8,5789.95457519,6.88307501613,
8,5828.13084775,4.78793998382,
8,5849.98557285,7.9681957259,
8,5869.54926909,8.28407006842,
8,5882.58591668,9.66700875078,
8,5949.05068563,4.68104707447,
8,5982.66815559,3.26123037836,
9,9.04103021568,11.6342624687,
9,29.5512965614,8.28820644156,
9,61.6118760265,11.461190984,
9,85.9287863641,5.00902485683,
9,107.176729605,3.25093345084,
9,149.62422894,12.2317452086,
9,188.642259243,11.2255785585,
9,247.291195791,6.77139665931,
9,262.414135467,7.53072935856,
9,320.005,7.49537212163,
9,522.735582352,6.09756290812,
9,540.005,7.03457443642,
9,569.986466592,15.0038916846,
9,609.849411619,7.69553987892,
9,629.877793843,6.40712571916,
9,649.981074111,4.97872386745,
9,684.136666591,8.43788655174,
9,709.809547441,7.37361026019,
9,729.331030836,8.51627747784,
9,786.709556929,8.95668289494,
9,828.885492075,7.5982405131,
9,909.714176686,2.17708914895,
9,949.309067095,8.95157602486,
9,963.135708366,5.73932989504,
9,987.36264298,5.99447269908,
9,1005.92591446,10.1326572749,
9,1049.85144119,7.70828446774,
9,1069.57189183,9.14036247056,
9,1080.005,6.8459662552,
9,1129.73340105,5.16581894657,
9,1149.51465202,8.80768154987,
9,1169.0403312,12.4327176949,
9,1183.03846395,7.44876108765,
9,1229.48404532,6.34166469274,
9,1248.53982775,7.67852051001,
9,1305.9305308,12.51594262,
9,1322.62112141,12.7105043933,
9,1365.77987856,6.4158629686,
9,1429.19780873,7.60589235444,
9,1449.88190243,9.47228271437,
9,1469.99365346,10.1519450224,
9,1481.34434658,8.08588163329,
9,1569.0173593,6.15796231428,
9,1587.74318125,6.16638824309,
9,1607.97927842,7.68124389786,
9,1645.08255866,10.7264471049,
9,1669.59839946,4.06494953594,
9,1681.86518831,7.0124690172,
9,1708.22191905,10.1060592235,
9,1829.40804968,7.78069376828,
9,1847.96350846,5.91617198801,
9,1869.63690531,8.85879985119,
9,2024.36533382,8.33147477879,
9,2049.20702394,4.59903909461,
9,2089.72318578,11.2606097712,
9,2145.28096636,5.30607660279,
9,2168.73829762,8.36468742165,
9,2209.90025837,9.75043488164,
9,2269.96025739,7.05257123529,
9,2288.38748337,8.96411370519,
9,2301.73393287,5.20918760999,
9,2349.65028248,12.0270772664,
9,2369.3732947,18.087038859,
9,2429.59163628,13.902474129,
9,2489.59504559,17.7581963311,
9,2527.2929855,3.66944311294,
9,2566.29755476,7.24039139569,
9,2601.46833458,5.69613351603,
9,2620.005,5.64965634326,
9,2702.91883452,4.19942962129,
9,2808.77719116,13.59131492,
9,2828.67069306,10.4353269193,
9,2840.005,3.9333507099,
9,2869.94927852,13.2952294635,
9,2907.58267126,10.2320746172,
9,2929.10033776,6.82299623907,
9,2940.61118122,4.83323874429,
9,3020.005,6.22440825161,
9,3049.05446387,6.47287685937,
9,3087.60344838,8.05511869256,
9,3148.81356437,7.30911784178,
9,3180.005,5.20846834429,
9,3200.005,12.5721467674,
9,3289.23647832,17.407503355,
9,3309.09265296,8.45805613946,
9,3380.88470278,7.97395886453,
9,3489.90036137,8.1688075874,
9,3549.98367318,8.91243127557,
9,3569.64687807,5.59303582483,
9,3589.27524671,5.48093948684,
9,3605.87027403,5.4485677861,
9,3626.3361383,4.73651217839,
9,3669.27893173,11.671176972,
9,3689.96685948,13.2395781156,
9,3726.74310578,10.9909797258,
9,3760.005,4.90007483045,
9,3806.62301065,6.22013547507,
9,3825.56367507,6.28590193678,
9,3908.98825032,3.8856761621,
9,3920.005,5.91209367949,
9,3963.11889161,6.28415700292,
9,3989.39511468,10.0682535177,
9,4048.77958254,9.78232241964,
9,4089.42728754,15.0336659462,
9,4124.32048773,8.29457391378,
9,4289.99721148,9.43558788341,
9,4349.31193541,10.8043794994,
9,4389.15044258,7.54331332531,
9,4485.89737528,6.68127439564,
9,4509.70081445,6.9604235618,
9,4526.35033196,4.61469767913,
9,4609.78287687,13.7912608657,
9,4647.41964999,8.78773863113,
9,4688.53223162,4.65777859776,
9,4701.54321686,4.00175486279,
9,4747.0953301,5.83353848812,
9,4769.96917478,6.69996629728,
9,4787.71242611,7.79975103782,
9,4809.74818383,5.12677048131,
9,4841.7374446,6.30998293893,
9,4929.46437444,5.60939396822,
9,5009.94695762,6.68720875905,
9,5049.49041972,10.7012714361,
9,5065.50187272,10.4774746293,
9,5089.87903473,7.57214297992,
9,5109.38395633,3.87994426959,
9,5129.94817843,6.94224712172,
9,5181.08213659,7.35732135476,
9,5200.005,10.2316206737,
9,5228.02671196,10.3731146705,
9,5269.9875186,2.90664467591,
9,5469.74375889,6.97689095858,
9,5486.97784268,4.98137948617,
9,5529.91418821,6.10942872803,
9,5549.87014115,6.40587529709,
9,5629.36730458,9.00282848464,
9,5689.81317092,5.72777388447,
9,5708.45825626,12.554379609,
9,5749.82491086,8.41427677048,
9,5761.63604745,9.94898474062,
9,5789.84554275,7.58123702702,
9,5827.90543864,5.63533011988,
9,5849.956707,6.94747979633,
9,5860.005,6.28562349883,
9,5888.10225657,4.04441085933,
9,5989.90934722,12.0835729419,
10,25.5394441676,6.60136554648,
10,63.7241271377,6.0500217855,
10,88.9496518594,10.149861653,
10,107.816704368,7.13029872645,
10,149.572652989,6.29261230104,
10,188.599292319,11.0166531021,
10,243.201053611,6.22500079602,
10,264.738044635,6.33877873875,
10,369.701808155,3.99712711656,
10,529.960309671,9.08924922015,
10,569.970349396,7.82443994609,
10,604.892220608,14.9433010061,
10,623.429184918,15.2376712707,
10,648.755085631,3.35959565449,
10,684.09973895,8.80534672502,
10,709.80088515,6.8702129201,
10,727.132073764,4.60055158896,
10,789.63213376,4.70883457986,
10,809.965538785,5.55782040316,
10,826.906228113,3.38160512667,
10,909.775022052,2.78572,
10,948.029839452,6.89012031531,
10,963.031119795,8.43722997026,
10,989.375597141,6.51452603997,
10,1003.47090746,6.35061163713,
10,1046.86637035,4.7299651499,
10,1069.90375822,4.99207034996,
10,1089.35129599,6.09187617126,
10,1123.94924623,7.18428315479,
10,1149.89248002,8.87502341043,
10,1169.21031014,9.46388754966,
10,1182.26310083,8.52340932721,
10,1249.83756451,13.0475050565,
10,1280.005,10.5414474248,
10,1309.09962304,6.27081301102,
10,1329.54063279,9.41456468914,
10,1365.20288772,6.40960742851,
10,1429.86277691,10.5920529218,
10,1443.65463516,7.92973041403,
10,1462.8355651,5.58048055694,
10,1568.93315131,15.8605100397,
10,1589.29549552,11.6199791181,
10,1649.69178697,12.5840888106,
10,1667.81727566,7.81148698323,
10,1689.58729595,10.3753728057,
10,1748.16277464,5.40151522183,
10,1780.005,10.8893451058,
10,1805.65793742,8.99914199398,
10,1828.7162439,6.66561338526,
10,1848.70028461,9.08149133265,
10,1861.44149666,3.98676257908,
10,1888.37329931,14.1642106932,
10,1980.005,7.6614080539,
10,2022.81251757,9.95716095587,
10,2049.60114672,7.53703635006,
10,2089.7568081,9.28559519386,
10,2149.3141274,4.75963294,
10,2180.005,9.2827700165,
10,2209.7908913,10.5163607542,
10,2263.46027267,6.74368711909,
10,2289.80725641,10.13569458,
10,2306.55341885,8.33965006596,
10,2366.43009443,11.9052259994,
10,2408.71816804,12.7666629319,
10,2429.42236773,4.93761470283,
10,2489.64099366,7.84547316394,
10,2528.95000793,8.88615317475,
10,2569.87520048,8.26427152489,
10,2589.8288793,9.68426691127,
10,2603.83041197,3.72284168795,
10,2640.005,7.42711885776,
10,2709.88643815,10.9937128285,
10,2809.52359325,5.05485650265,
10,2829.86846565,7.01628605651,
10,2865.1869654,9.03953940757,
10,2906.36748329,10.0327285908,
10,2927.83962096,7.37149928643,
10,2949.60604074,7.94431721815,
10,3048.28936099,10.7849963027,
10,3069.87208812,7.97138174342,
10,3144.31920721,12.7818729737,
10,3289.91705819,4.18819608604,
10,3306.99058107,3.9436229534,
10,3320.005,6.33750240607,
10,3387.7831058,9.6417139898,
10,3489.98443836,8.07232280329,
10,3549.98334306,13.9352257221,
10,3569.20470848,10.6566831229,
10,3600.005,6.68940707657,
10,3667.04572126,9.52903685399,
10,3689.88434217,4.08605131595,
10,3729.67167897,6.86021232251,
10,3743.78886639,5.7528710023,
10,3800.45418269,6.64473113499,
10,3829.80264539,9.44289654121,
10,3909.39190481,6.64755612984,
10,3963.4437192,5.91280238838,
10,3989.98628718,14.9656329888,
10,4029.92803908,12.9710299138,
10,4047.58664459,12.8154321853,
10,4069.0776949,7.70225781265,
10,4087.74990365,8.26980337929,
10,4129.17842391,5.26234787165,
10,4227.06667349,6.49861807385,
10,4289.99866962,3.46556553623,
10,4320.005,10.4080323721,
10,4347.80784356,7.73851223547,
10,4388.78246669,5.47122846765,
10,4420.005,4.77447742928,
10,4480.005,8.63085930849,
10,4509.95337758,7.16572756963,
10,4567.58626016,5.79320169191,
10,4587.54904157,8.84065680994,
10,4607.00500234,7.36329821428,
10,4647.20525597,9.27728576632,
10,4689.81322585,9.9562045158,
10,4700.35541992,11.6262909342,
10,4789.89226571,5.54560195072,
10,4809.71063376,13.8131248879,
10,4849.50576627,9.49423046037,
10,4886.12920295,5.78996868662,
10,4927.68862416,3.4318028533,
10,4945.85066974,11.0916743591,
10,5009.68611778,6.74829574681,
10,5049.93293206,3.52023776496,
10,5067.72119059,4.86839331198,
10,5089.96673729,6.42701351768,
10,5109.90416123,6.05061175126,
10,5129.86142011,8.22187312632,
10,5226.70432479,4.76340772638,
10,5269.81617322,11.6652215767,
10,5420.005,6.15738308306,
10,5462.68903712,4.750203929,
10,5489.57447667,9.55312841861,
10,5529.70090868,10.8553027545,
10,5549.35992612,4.65784622043,
10,5627.59041544,7.94601174653,
10,5689.02072521,7.23204868814,
10,5705.45540401,5.26458869998,
10,5749.01983527,9.31562117113,
10,5769.8758314,8.20497113575,
10,5789.84177837,8.85510031987,
10,5829.66983776,7.54888729786,
10,5841.31830327,9.6093896119,
10,5869.98156722,4.44657741279,
10,5882.60753253,5.34493052177,
10,5989.85140629,6.54943848991,
11,29.0128204311,4.01219439796,
11,64.7079254598,4.74324810269,
11,89.8274854781,3.88874962411,
11,108.73818119,7.13466382703,
11,147.668409415,6.14848921227,
11,187.596878698,5.5234743224,
11,220.005,11.9683089764,
11,249.688212835,8.97765194253,
11,268.801580671,9.47331517952,
11,409.877279958,9.98211681119,
11,469.591145106,7.31485654533,
11,500.005,6.62757264141,
11,528.276935312,5.21347521626,
11,569.984439043,6.46273412346,
11,587.522408937,6.42923641582,
11,605.415835405,8.34535730686,
11,629.752645412,10.7685003178,
11,709.97215824,6.38211222283,
11,729.727053385,6.26427172749,
11,782.411592857,9.59580712059,
11,808.543961512,5.26809063668,
11,828.848302396,7.78138938718,
11,909.778882936,3.78800184264,
11,947.387401348,8.2799286818,
11,969.886592875,4.13312005853,
11,989.939915202,5.34735802292,
11,1009.20797098,6.77689798275,
11,1020.005,5.1654827115,
11,1049.10026003,6.2497344441,
11,1122.6395573,3.88400519217,
11,1149.94554653,6.90432535112,
11,1169.18720696,5.21566198151,
11,1186.56891722,11.3459428934,
11,1228.0091971,7.04325040154,
11,1246.56309892,10.4499251809,
11,1306.54282573,10.6875916342,
11,1329.92073814,4.93654976947,
11,1369.76488838,10.4090544977,
11,1420.04601756,8.26934480368,
11,1448.4697614,5.54206015667,
11,1461.50599294,6.43778041566,
11,1540.005,10.7643107515,
11,1566.73778594,19.2058138995,
11,1589.13110058,4.86156756078,
11,1649.54450939,6.66283502328,
11,1689.61109284,8.26406863961,
11,1706.55847962,3.99111084766,
11,1746.78331287,8.18768033103,
11,1827.86756636,8.774259314,
11,1889.5175639,4.83027009473,
11,2046.14514399,8.17990967743,
11,2086.62450051,7.32505058537,
11,2149.87265136,4.42326080841,
11,2209.24395576,4.17644266093,
11,2265.90839744,9.59281039056,
11,2289.96245798,5.54325695932,
11,2349.98522849,10.6232399908,
11,2366.81986771,4.91647008304,
11,2406.18029647,10.6006605401,
11,2429.90345289,12.9616213953,
11,2460.005,6.81624236217,
11,2488.37954147,10.6217919665,
11,2529.23406716,14.1654557285,
11,2569.93180138,5.1808916854,
11,2609.82714082,5.49121515375,
11,2709.95627723,8.9960040906,
11,2807.52282832,12.7799866931,
11,2829.52923838,10.7533823822,
11,2865.37054484,7.82460385526,
11,2882.08645398,4.92639468803,
11,2903.96657568,4.9558192708,
11,2925.98946201,7.70434905269,
11,2948.20018115,7.46602470682,
11,2980.005,6.46082122464,
11,3044.73250943,10.6494400788,
11,3067.3172842,9.77316459286,
11,3120.005,11.386200259,
11,3149.57894082,8.07702307016,
11,3160.005,5.42543045166,
11,3289.93899497,6.08038583164,
11,3348.77546935,5.43170704981,
11,3388.740174,8.39894060643,
11,3460.005,7.88012914229,
11,3489.83533959,7.12027100079,
11,3549.97453625,6.85924466202,
11,3607.160428,6.58589389845,
11,3648.72344309,4.9770970372,
11,3669.88876149,5.86826362067,
11,3689.99595397,6.35936570388,
11,3726.30187845,7.13210993695,
11,3780.005,7.31403432288,
11,3809.83581821,10.8968738565,
11,3860.005,7.47681477501,
11,3908.84207209,3.84056185104,
11,3965.4976735,6.46409510393,
11,3989.73518716,11.7185981894,
11,4049.67592184,11.6657406947,
11,4068.96970772,6.76027262527,
11,4089.12749534,16.4747702606,
11,4129.9810864,6.86539554985,
11,4289.96459988,11.9795056186,
11,4349.68576925,4.03841808219,
11,4366.24481683,6.36232852254,
11,4381.55639569,3.83001136737,
11,4509.9982429,11.481643735,
11,4589.55742019,8.77284576655,
11,4647.00263355,17.6883034192,
11,4688.27466433,6.79832482295,
11,4709.92031023,7.35485857132,
11,4808.85551235,4.57231451561,
11,4826.59014663,6.61944428206,
11,4849.97399384,6.57645135096,
11,4900.005,4.78932407624,
11,5008.81376857,12.335867253,
11,5068.57058349,9.12022731854,
11,5089.84029863,8.68562990211,
11,5125.24481105,5.8311814916,
11,5225.61424809,10.5594369423,
11,5268.198276,7.53014854744,
11,5465.40186898,9.96499579006,
11,5482.76566162,11.6979117841,
11,5529.843808,6.563364773,
11,5687.76735979,10.4044867972,
11,5709.6413123,9.44165825358,
11,5749.75587345,5.5937975443,
11,5769.10664504,6.28095582705,
11,5789.51668683,5.76893576268,
11,5825.26415936,10.3262325093,
11,5849.97329297,9.4047298896,
11,5887.03436355,6.15826917099,
11,5989.16420488,8.09242534086,
12,24.1382218316,8.41614846402,
12,69.5217333498,4.61101171294,
12,85.9491490685,10.3258350627,
12,106.620316844,12.7662238916,
12,149.327804804,8.3275070012,
12,186.497181472,10.9186581755,
12,200.005,5.11160607621,
12,249.739348359,13.3817497856,
12,369.086935955,5.75330153735,
12,440.005,8.65766802923,
12,469.510048057,7.73887259619,
12,528.221603845,13.1925869227,
12,569.972098809,10.191115094,
12,609.997386705,6.92013818932,
12,629.996031938,8.12463519212,
12,649.80698852,5.77662811594,
12,686.957638968,4.64195249946,
12,705.211615901,10.6616649842,
12,760.005,12.7862052123,
12,784.01985409,10.7369287991,
12,809.912861886,6.08917201365,
12,829.643066217,9.37770693487,
12,909.30643086,13.8558698734,
12,943.414138569,10.7385916706,
12,968.158416702,5.80879903485,
12,989.241838466,5.32777645882,
12,1008.74285167,6.46435327117,
12,1049.65204384,7.46244694765,
12,1069.83111985,5.56936676651,
12,1100.005,4.83216510186,
12,1125.75009595,9.24156418895,
12,1149.23354865,7.60952631674,
12,1169.91046948,7.36204174034,
12,1185.98413932,5.80473667427,
12,1208.85183822,8.56156965728,
12,1229.43884978,6.14702549447,
12,1249.67773657,10.0629230602,
12,1329.99566318,9.32566956459,
12,1364.58847532,11.7446070418,
12,1429.96814429,3.69004655392,
12,1449.54688773,7.65259744353,
12,1469.92058779,5.15947332515,
12,1568.86371169,8.47878481549,
12,1589.54175786,8.72683960834,
12,1608.73444393,6.20654192274,
12,1646.96954841,9.56683026999,
12,1689.64018709,2.64120677634,
12,1720.005,2.13464556032,
12,1807.69133829,3.93900898604,
12,1829.21452259,11.0462145357,
12,1847.3368494,3.02860915073,
12,1869.59207416,16.81571376,
12,1889.71614512,8.42100310312,
12,2029.89045701,5.81326635975,
12,2043.28663947,7.71451526272,
12,2089.89892043,3.21684624294,
12,2142.39257836,9.95621272417,
12,2169.91061726,8.02953106995,
12,2209.6349905,14.3785894824,
12,2263.6579005,6.664560204,
12,2289.28570807,7.16155625728,
12,2302.11514515,8.2168318529,
12,2320.005,11.8337633829,
12,2347.88379549,5.06862438868,
12,2369.66477356,10.5466721629,
12,2409.82732633,13.2196166713,
12,2429.61539205,7.57505560092,
12,2489.8366337,7.82727359255,
12,2529.19819872,4.08435793618,
12,2569.33933767,7.62219912242,
12,2608.82394515,5.42896923053,
12,2702.19466189,6.93767321832,
12,2760.005,7.11919064474,
12,2800.40491,6.53104619756,
12,2823.36844723,14.8767174922,
12,2860.89483632,9.61595649445,
12,2880.36921769,8.69322840749,
12,2903.62631744,11.1007707286,
12,2926.0483654,9.16675537742,
12,2949.43158242,5.20028446469,
12,2969.75526531,9.32983724455,
12,3009.49864953,9.99958715517,
12,3049.76020961,12.1724860812,
12,3066.65124679,7.22535884698,
12,3149.71125201,9.49424422505,
12,3289.88447776,7.10570671767,
12,3309.05684158,6.76976928256,
12,3348.98323027,13.0467953309,
12,3382.61642619,13.2389687223,
12,3420.005,7.08068628196,
12,3489.98000161,4.15656630442,
12,3549.98875265,8.3260200551,
12,3568.21412658,11.5572428624,
12,3609.23636977,6.33580244011,
12,3629.70583028,6.03843089828,
12,3689.8558443,3.37141596731,
12,3700.005,5.15100954255,
12,3720.14527772,10.049028846,
12,3808.53791227,4.90643879845,
12,3908.49911642,8.51784495068,
12,3969.9954538,9.50502726742,
12,3986.38937964,6.56744865458,
12,4049.59289057,7.32744678561,
12,4068.16048871,6.05759756396,
12,4089.18018826,6.45805720787,
12,4123.03492036,2.80030511301,
12,4289.99716308,9.97407752948,
12,4349.70170402,5.75837614648,
12,4368.69851878,8.41136244146,
12,4388.34929649,6.31010346425,
12,4503.94324955,9.95958009565,
12,4540.005,4.81702815153,
12,4560.005,8.2575936933,
12,4589.89138901,7.28058877833,
12,4648.78100341,8.92252630159,
12,4689.13570162,4.85277300223,
12,4703.13695347,6.4835445302,
12,4768.07951501,10.4452380274,
12,4809.7441979,8.39254252749,
12,4827.61219462,11.2153210127,
12,4844.9540214,4.68030618292,
12,4926.30452009,4.61394181349,
12,4946.57622095,10.6797888148,
12,5009.24117416,6.39050264193,
12,5048.61152323,10.982132584,
12,5065.10196719,1.85851696747,
12,5089.98201942,8.40462161943,
12,5109.73083035,8.85410632392,
12,5128.27696307,4.90008428723,
12,5229.73822074,9.16331560574,
12,5269.8064479,12.6763334036,
12,5300.005,9.92919306513,
12,5464.73489469,8.66625396031,
12,5488.36055862,2.82341825735,
12,5529.8996313,9.87339821008,
12,5540.005,10.7976853155,
12,5689.03138414,9.05079585126,
12,5700.99990428,10.7932774994,
12,5749.78757721,4.83274536078,
12,5761.25680375,7.21537527048,
12,5789.23100273,7.08054136979,
12,5829.85093474,6.30982955109,
12,5841.06271899,9.0430336206,
12,5868.58880264,5.35025927007,
12,5889.30214674,8.79913904942,
12,5920.005,10.7479645086,
12,5948.37528431,9.47501335072,
12,5960.005,6.76709993449,
12,5989.00125118,7.28463941139,
13,28.7924872979,11.6231692415,
13,68.4979538803,16.199053722,
13,88.6490653257,9.65301011863,
13,106.735645277,4.23238161879,
13,149.7241069,5.82581735883,
13,185.523113841,6.96205550484,
13,280.005,13.4004520037,
13,380.005,8.87475341974,
13,469.42188227,4.91959018534,
13,569.484103861,5.62105942424,
13,609.934165591,7.3969797916,
13,627.699684469,2.22999932223,
13,649.815337197,6.3788893848,
13,688.400211513,8.90541571872,
13,709.306890006,6.23672710337,
13,785.145275763,6.65363228286,
13,801.885834044,8.99378420914,
13,829.93464704,3.65757079418,
13,840.005,8.06532271332,
13,909.585012698,6.64556163841,
13,948.158944214,10.5785675782,
13,986.251651056,8.95985514162,
13,1009.45584539,5.23597463883,
13,1043.81523017,8.22113175221,
13,1107.53108534,9.83167085284,
13,1123.72779198,11.0702975246,
13,1148.48703116,6.42740816453,
13,1188.79225225,8.19838005543,
13,1229.93578448,13.3842591707,
13,1249.23000331,6.21002257996,
13,1329.76828253,7.42545748796,
13,1380.005,10.0040003058,
13,1429.96895851,6.23689861313,
13,1443.63752695,8.96633979753,
13,1469.94011271,8.69842567875,
13,1480.09717368,8.32884904797,
13,1520.005,11.1893622759,
13,1587.36195338,4.69568905375,
13,1648.82423774,10.4925986737,
13,1689.7519874,7.39886277723,
13,1829.83881753,18.0102855001,
13,1849.97600607,8.83935248001,
13,1865.73527808,4.94519721013,
13,2023.80591673,5.96548751782,
13,2048.70319935,8.43015332101,
13,2089.36177581,7.66789712296,
13,2147.4508117,10.0860054801,
13,2169.96590731,5.21321970148,
13,2209.43298236,6.088306287,
13,2240.005,7.91596666652,
13,2263.21993394,7.69341676291,
13,2288.79179784,9.64008448937,
13,2307.35001545,4.77459269793,
13,2348.03528034,11.1580877187,
13,2409.46752868,6.41114537374,
13,2429.96474473,11.1481788035,
13,2482.22532612,13.3646316212,
13,2528.67341474,4.67881163884,
13,2569.73663666,4.99245344,
13,2605.045131,6.56368675754,
13,2709.9666363,6.7685123881,
13,2720.005,12.4221258654,
13,2827.84731763,9.64221998348,
13,2869.71824966,10.0354005606,
13,2909.30270421,9.40756464796,
13,2949.00311058,11.6329701275,
13,3044.97780248,8.09398025756,
13,3067.13406408,6.55612301869,
13,3100.005,9.92696318961,
13,3149.76023355,8.49396670341,
13,3260.005,8.51095457792,
13,3289.74240374,4.54015594281,
13,3349.94886054,5.56421474948,
13,3381.36171054,7.89048302329,
13,3489.99802265,3.95537462703,
13,3545.69431257,10.8141557582,
13,3568.70538433,6.49991883394,
13,3608.12068937,5.7626178414,
13,3628.85585416,13.4357425562,
13,3644.08350106,5.68484421377,
13,3666.00242864,6.71561176107,
13,3689.80636289,4.04424963757,
13,3729.08304178,4.3358758011,
13,3809.53646316,12.5523411901,
13,3829.46639239,7.7654995975,
13,3902.47500281,6.08204229268,
13,3929.00285995,10.0294889939,
13,3962.66355067,4.8751767308,
13,3989.82665815,15.8034555141,
13,4020.005,4.00057802677,
13,4049.26282791,10.8626594173,
13,4069.76025187,8.81885425333,
13,4089.6992032,2.72812965024,
13,4129.54503914,8.0021703285,
13,4289.97998476,9.84118204525,
13,4368.799168,6.78036542751,
13,4389.88939685,2.69044723723,
13,4509.94714388,5.64327913015,
13,4589.65805024,11.4116018478,
13,4648.92324826,6.84440613882,
13,4689.46274931,7.49805692064,
13,4709.34879695,6.7374463447,
13,4768.89014729,6.45518866854,
13,4809.84790789,11.8738400836,
13,4823.04973549,9.1804749256,
13,4849.4310396,11.9237874858,
13,4949.80014997,6.68867652663,
13,4980.005,10.0075298853,
13,5009.59827247,5.63978930731,
13,5048.80655012,7.42276641479,
13,5089.95909167,7.55540069784,
13,5102.47823421,8.78323305459,
13,5129.87885756,8.74731849543,
13,5229.91787231,3.70095385362,
13,5269.76274781,4.9437728567,
13,5340.005,9.93724456741,
13,5469.24558272,5.42446772134,
13,5489.42093118,7.13647270765,
13,5529.98344003,9.87675212475,
13,5548.34538176,10.5748639205,
13,5600.005,6.54076670994,
13,5687.38590461,4.13932291608,
13,5708.82362471,4.90988028124,
13,5748.82003438,8.0535036234,
13,5769.76577898,8.32217168162,
13,5789.86280606,7.81119710569,
13,5826.36117885,8.90225196289,
13,5849.95521097,7.10415026115,
13,5948.68018903,2.70874897931,
14,9.7986379954,6.33733902593,
14,26.9952161613,9.68896489822,
14,66.066619411,9.51926104748,
14,88.2570388444,4.74122274073,
14,120.005,9.32702616911,
14,148.769123879,9.08398636881,
14,186.505354882,12.7817297957,
14,249.442543115,10.4323681149,
14,267.357079415,8.37471264559,
14,407.915756926,9.89565649493,
14,420.005,5.27437267693,
14,528.794753233,4.21834753932,
14,569.599110991,10.5599111913,
14,609.116851994,8.40064215746,
14,628.954138814,4.3883679218,
14,649.926934722,7.71413777728,
14,684.464794078,15.2530586308,
14,709.85749857,8.48956375823,
14,767.923393402,6.76720402077,
14,789.144034304,10.0729651768,
14,808.15492197,6.53702485304,
14,829.571524832,6.38886908522,
14,920.005,9.47911249859,
14,940.005,8.35680968315,
14,969.716203399,5.87461584036,
14,1009.31001813,8.84788014704,
14,1107.69947151,5.1557847693,
14,1126.79901807,7.79129532927,
14,1146.0131299,3.28053218368,
14,1169.35159128,8.10667387245,
14,1189.95478693,7.44937617361,
14,1200.005,14.9273210675,
14,1249.41629677,7.47553245447,
14,1260.005,9.09713240469,
14,1309.19625335,14.8683243614,
14,1329.35526574,11.2227437853,
14,1421.24612734,7.05956983649,
14,1449.18843615,7.76066712305,
14,1469.87994917,8.21821325546,
14,1566.59554272,5.29709866487,
14,1589.19063038,6.36409086626,
14,1607.01102786,4.98111835866,
14,1660.005,6.40381099826,
14,1689.16087146,7.88079604955,
14,1747.44825575,8.92883652627,
14,1828.50524176,9.07467412691,
14,1864.36074585,10.9682142991,
14,1940.005,6.63814412335,
14,2022.0129606,8.4736944561,
14,2060.005,9.01428902895,
14,2089.27694108,8.53089308025,
14,2149.51187261,9.2515703813,
14,2168.36063968,9.43234456552,
14,2208.6994783,7.79231812244,
14,2220.005,7.98069450277,
14,2269.53640076,8.40557291749,
14,2289.82577867,12.3186496076,
14,2306.43815634,11.9434113085,
14,2344.62201976,14.7712322752,
14,2367.07454475,4.90400416709,
14,2407.98759181,7.32696590526,
14,2429.78924332,5.18728408735,
14,2500.005,10.3538425313,
14,2527.03879003,9.08860920992,
14,2569.80167821,11.2576777867,
14,2660.005,8.31799314907,
14,2709.97894602,9.39601719779,
14,2780.005,7.54402668513,
14,2809.73945474,8.14554401403,
14,2823.84824632,8.53348932196,
14,2869.6809017,5.62630811559,
14,2908.73658245,8.84410569047,
14,3046.89059342,6.72906713442,
14,3146.24932166,9.11397867681,
14,3289.85101089,8.2054452623,
14,3360.005,10.8733952818,
14,3489.72512016,13.1097789819,
14,3542.54647582,7.12675674571,
14,3568.78213116,10.2066584612,
14,3586.60489385,3.78258200859,
14,3628.72732089,6.33766096389,
14,3666.34258246,6.33141099973,
14,3686.02661225,13.2633502058,
14,3726.75917654,5.14768656604,
14,3909.39045008,4.44615367791,
14,3967.61259316,7.18109911018,
14,3989.90961893,6.79380657678,
14,4069.92393648,9.47844076913,
14,4089.33302845,13.7179956661,
14,4129.54945624,8.74485428645,
14,4140.005,3.51060194552,
14,4160.005,9.27869524429,
14,4260.005,8.0514121343,
14,4289.9744706,4.63988685904,
14,4349.92896086,8.18290682969,
14,4386.88857533,6.36087522871,
14,4400.005,7.29465546561,
14,4507.81339326,7.40238754814,
14,4568.58489233,6.52101468258,
14,4645.79553134,10.2312209881,
14,4688.18830128,7.21688788925,
14,4709.94611271,8.07303109881,
14,4784.91603478,8.97529873216,
14,4809.96429784,7.8619094497,
14,4820.75295663,7.51918811277,
14,4849.37966517,10.4733417419,
14,5009.65016198,11.8708774271,
14,5049.70607587,8.73884076614,
14,5069.88899691,7.05048514697,
14,5089.9985746,9.10149901849,
14,5107.37142891,7.38135149751,
14,5126.12975657,9.83813890273,
14,5229.93484671,4.83527241975,
14,5269.65833657,7.56238953181,
14,5320.005,4.97601807154,
14,5380.005,12.6868390391,
14,5468.40828428,7.41290341944,
14,5489.09725188,7.16028596719,
14,5529.82014753,11.6105437916,
14,5548.68896316,10.8267239551,
14,5660.005,8.68468201804,
14,5687.89621916,4.73354001306,
14,5709.47368962,12.4567537396,
14,5749.10123356,14.1384888391,
14,5769.66998234,9.35028358381,
14,5781.27538393,6.65307873088,
14,5829.47070006,7.78454428231,
14,5849.98138703,6.05457614525,
14,5889.66133376,6.63149917528,
14,5900.005,8.85821943286,
14,5983.68080889,4.36174012742,
15,40.005,5.19011709094,
15,87.8619499619,7.67262401836,
15,109.942947187,8.56395287448,
15,160.005,4.43089385327,
15,300.005,11.7847981902,
15,480.005,4.62520070924,
15,526.874251514,13.6075903199,
15,569.924269949,7.26080485057,
15,606.425208574,6.94246708823,
15,625.631775512,8.52485111246,
15,649.096997127,7.76942864899,
15,660.005,7.71294155263,
15,708.604057724,6.02790263571,
15,880.005,9.50233414732,
15,909.492822523,13.0681379866,
15,988.713163345,9.84106972861,
15,1009.06655894,3.76126795607,
15,1049.6403477,6.23947210127,
15,1088.7041084,9.63108020164,
15,1186.69600296,11.9249264468,
15,1227.60656591,5.08436401721,
15,1307.9455679,10.1397982351,
15,1460.35622744,10.2483440269,
15,1608.45534894,7.56148268073,
15,1649.62988743,7.36105761046,
15,1746.65449115,14.9395854858,
15,1825.3334482,5.91694670662,
15,1849.78872388,10.2664885655,
15,1960.005,6.96749714357,
15,2027.6598074,11.3486539622,
15,2085.53774905,5.24416235263,
15,2146.81316777,15.4314929469,
15,2204.17566227,8.71677379939,
15,2286.1690919,11.9964859765,
15,2526.16477566,5.33391816392,
15,2568.27037095,8.67769449543,
15,2602.94446475,3.56144930307,
15,2680.005,3.5636204494,
15,2709.77872599,10.0421354135,
15,2827.06278631,7.29619890628,
15,2868.68923117,6.7581073193,
15,2929.77418589,5.72889045361,
15,2949.36919445,7.43028870311,
15,3041.44657146,7.82222690074,
15,3147.92740451,13.5256622223,
15,3240.005,6.91540968953,
15,3289.11011451,10.4231206779,
15,3388.34226692,2.88828411412,
15,3400.005,7.82289854559,
15,3485.75167945,6.92082130845,
15,3549.99960644,6.07011556174,
15,3627.53206363,6.59871505246,
15,3685.31528192,6.08549617984,
15,3940.005,6.4299490704,
15,3967.03637469,10.3927535487,
15,3985.79614868,8.65512760325,
15,4000.005,12.066396666,
15,4029.16622089,9.14568742023,
15,4043.18552664,7.45494334945,
15,4068.81625067,8.82058830102,
15,4200.005,8.15067501292,
15,4289.89781334,9.15742447046,
15,4381.58590553,13.24176785,
15,4509.40939963,7.77169159381,
15,4586.37820894,6.62765007315,
15,4703.55457759,6.23502128012,
15,4720.005,6.45498046591,
15,4767.81355093,6.81454010082,
15,4807.79463179,6.0819045986,
15,4848.72516015,9.28579716993,
15,4888.48826434,11.7743712991,
15,4925.13433822,6.19098343618,
15,5009.36006251,9.07234457929,
15,5020.005,11.4421216102,
15,5089.94231511,13.4715837836,
15,5120.82524806,6.03488434501,
15,5140.005,7.42815472774,
15,5229.83136846,11.2151589114,
15,5280.005,5.51748939415,
15,5400.005,10.1174340898,
15,5465.14330211,8.84518824912,
15,5489.57039394,10.7132325343,
15,5526.18285035,6.21975436095,
15,5707.97383078,13.8783680606,
15,5749.41473819,11.8101224881,
15,5765.13056288,4.19480731449,
15,5789.59029693,6.45779324603,
15,5828.15497687,6.91823755709,
15,5849.99627414,3.73128748082,
15,5889.07621491,8.37432507534,
