0,0
1,1
2,2
3,3
4,4
5,5
6,6
7,7
8,8
9,9
10,10
11,11
12,12
13,13
14,14
15,15

14,0.005,
13,0.005,
0,9.83164350112,1,4.93629175796,2,0.45959506385,3,8.68260439909,4,8.8944077015,5,9.80651633025,6,5.65307490193,7,7.41251018574,8,6.71919499242,9,9.74325216575,10,9.11749509555,11,9.74199156774,12,3.93397098474,13,8.51595477617,14,9.82513252938,
7,0.005,
3,0.005,4,0.527909493882,8,8.97500876936,
14,0.005,
7,0.005,
14,0.005,
1,8.93633746253,2,1.04609462182,3,4.81585951585,6,8.59795336019,8,7.42020783841,9,8.99410594753,14,2.54478403996,
0,9.96695768778,1,3.0217342047,2,6.86965718914,3,8.37940231629,4,9.91843765714,5,5.45534931484,6,5.90456673943,7,8.01780315593,8,1.8523131212,9,9.72267408619,10,0.334686655959,11,2.75753410109,12,7.44589044117,13,3.43073345782,14,9.96772782297,15,8.63798915576,
0,9.61170857359,1,3.6085440273,2,9.38432402293,3,9.96425334456,4,1.53645963876,5,9.75808023385,6,3.62566495331,7,9.85975998882,8,5.74574594982,9,9.73560484297,10,1.62200419199,11,9.59184905116,12,0.489563878167,13,4.55519009501,14,9.80753989126,15,9.01324529917,
2,7.56980366068,8,8.42491031084,13,0.005,
13,0.005,
3,0.005,
0,9.87830998216,1,9.75576765606,2,0.0802486625788,3,5.04843890453,4,9.92995491653,5,9.84837945768,6,1.91510939323,7,9.52810230757,8,9.89568376235,9,9.88176548421,10,8.58142425065,11,9.77730697453,12,9.88250618945,13,9.73237299931,14,9.41650816559,15,8.88794789321,
0,5.62214599497,1,0.274032479697,2,6.11709307784,3,9.28003583675,4,9.91586974043,5,9.26491852973,6,7.85267429606,7,9.60942861747,8,9.90860339309,9,9.75263116328,10,9.86722254609,11,9.72341052855,12,8.18550853723,13,9.65228213084,14,8.8043647391,15,8.73637387583,
9,0.005,
0,9.01896721569,3,0.005,15,9.61181834033,
0,7.61838747714,1,9.73184736082,4,8.48210250363,6,0.005,10,9.02178630402,12,8.30743398301,
6,0.005,9,3.68838446035,
1,9.71622565336,2,3.7996853214,4,0.005,5,3.51486589671,6,8.82167386701,8,3.49407855287,9,7.36862360325,11,6.42751019891,
6,0.005,9,2.04743482528,
0,8.15735277767,4,8.48112985871,6,8.79232541369,13,0.005,
0,0.0790323228552,1,6.96661424736,2,0.325514985233,3,6.1140065106,4,0.38799789347,5,9.82678835255,6,9.70149534459,8,9.94496523717,9,9.41000673853,10,8.19802709531,11,9.93316971255,12,9.98504078789,13,8.92158594947,14,2.57489648922,
0,3.73034002887,1,9.89502364876,2,9.98424493355,3,4.61799796313,4,9.91365265407,5,9.95280175047,6,7.63609152413,7,9.82120359368,8,9.16115232806,9,8.43029737093,10,9.46005274515,11,9.2517332364,12,5.90813280484,13,9.54879894088,14,8.90446783225,15,7.2745439537,
0,3.26840155982,1,9.55626521751,2,1.12462585328,3,9.57694680269,4,9.86800563388,5,6.52103039288,6,9.25718900825,8,9.77046994946,9,9.6673898011,10,9.74422173286,11,8.67982556832,12,1.21602043642,13,9.29476256216,14,8.29337428072,15,7.03528667745,
0,8.83341622495,1,1.121809552,2,9.97206470009,3,9.63510385727,4,4.14223169018,5,9.64352804508,6,9.88309585914,7,9.4044262229,8,9.66727140072,9,9.92051514654,10,9.4219594509,12,8.78832112146,13,3.08537528289,14,9.30156627196,15,9.67589701212,
0,0.878281903378,1,9.7483451148,2,9.21305291453,3,8.75369572521,4,8.92765667926,5,9.09164117659,6,8.87608797355,7,5.12014166718,8,0.463855505779,9,9.98522993938,10,9.8196605083,11,9.40734155079,12,9.56102998266,13,7.07414265016,14,9.21830866882,
0,9.97276079486,1,9.94300264687,2,9.91483195255,3,0.498814640479,4,9.93438423761,5,2.92544213257,6,9.94643459097,7,9.68394338004,8,9.97993550153,9,9.93766349806,10,8.68090687535,11,9.79214977934,12,5.81790999127,13,9.83814359149,14,5.48762393755,15,7.81186040424,
2,9.7101421707,13,0.005,
10,0.005,
0,6.67488622033,1,6.5034422974,2,9.96965278053,3,4.0722216803,4,9.98086313586,5,6.87383393087,6,9.52689389004,7,9.04582765869,8,9.99585329907,9,9.72995377797,10,9.75843907342,12,8.17935071642,13,8.54211760761,14,9.22088148304,
0,2.18259356495,1,8.40505623458,2,9.08753532869,3,5.35524576958,4,9.66563858215,5,2.5045568634,6,8.7903946625,7,4.99729004004,8,8.8096760157,9,8.36926305999,10,2.66334727296,11,4.22742734891,12,8.60392504595,13,8.99519585592,14,2.33479547244,
0,4.36703853584,1,8.19762264667,2,2.43588102777,3,9.38820652267,4,9.94454585366,5,8.79163234484,6,7.53541278593,7,9.09169542111,8,8.42281544216,10,2.28555691236,11,4.52104507771,12,9.41421808544,13,8.20943052044,
3,0.005,4,4.32589628205,9,8.39840336045,
0,9.53931568099,1,5.01234928637,2,2.74569873442,3,0.384702719153,4,5.8276296271,5,4.38934321752,6,9.95421518771,7,9.62066537684,8,2.06590419893,9,7.70864585387,10,5.28342104523,11,9.40216336875,12,9.74414670964,13,8.68472638618,14,9.41465379515,15,9.88247911656,
0,9.67012762019,1,9.95900183318,2,1.86205298952,3,9.98308215178,4,9.96355567142,5,9.74733259443,6,8.88625498406,7,9.63850647842,8,9.86657885367,9,9.70704747843,10,9.33456720698,11,9.96755835028,12,9.78257040278,13,9.75994039176,14,9.88541007054,15,9.32672024873,
0,9.19214961236,1,2.11905276452,2,9.68743490728,3,3.44728920867,4,9.21256696682,5,9.49876926994,6,9.85791732485,7,9.09952314423,8,9.67374707284,9,9.54477916432,11,9.9551844067,12,4.8900557471,13,8.80562832999,14,9.27124432188,
14,0.005,
0,9.98548560549,1,9.96982348486,2,7.30692339483,3,0.0863777109044,4,3.17531903427,5,4.96411528229,6,9.97205568912,7,9.88385040671,8,9.92634693155,9,2.4662367698,10,9.91675883572,11,9.98091409731,12,9.99913290109,13,9.6158187934,14,9.91624875103,15,7.16301688104,
0,5.64104861705,1,9.70893522047,2,8.01058536605,4,9.01805922076,5,9.19073315823,6,9.49858947079,7,9.66729573316,8,8.90401417701,9,7.95029467485,10,9.97820526877,11,9.12068645112,12,9.30410594713,13,9.30544813391,
7,0.005,
0,2.93825981977,1,7.17082191712,2,3.80717618878,3,6.49384167093,4,9.66655151712,5,8.99593159579,6,4.70995557647,7,6.89003686393,8,9.46901419635,9,9.60602319197,12,8.08913393949,14,4.11728463518,15,4.64347319009,
0,9.99772230171,1,2.49662690929,2,9.7137333122,3,9.64387758437,4,9.78002561446,5,9.77728090724,6,9.89529119095,7,9.71597612003,8,9.98652940349,9,9.97691114093,10,3.32634162038,11,9.90673194908,12,3.20857912291,13,9.87581966049,14,9.58411705425,
9,0.005,
15,0.005,
10,0.005,
1,7.59273932989,2,9.03331811426,5,0.005,
0,8.37681831865,3,0.005,
15,0.005,
9,0.005,
7,0.005,
0,8.82589200887,1,7.02965885988,2,8.50570150539,3,9.95713417116,4,9.81556204114,5,6.94950885752,6,4.18624049377,7,8.6846186828,8,2.55883685149,9,9.27530873869,10,9.18584916605,11,8.00829018356,12,9.74728083035,13,6.44695591425,14,9.83112289418,15,9.97497543061,
0,9.95818967763,1,2.84640040354,2,9.72944534995,3,9.44071326154,4,4.11830580888,5,9.97999846248,6,9.33439637464,7,9.93414563849,8,0.0809628796152,9,3.08367139663,10,9.90215704688,11,8.82434366129,12,9.83650469078,13,9.51170776923,14,9.751201039,15,8.32663527658,
13,0.005,
6,0.005,
0,6.20677493577,1,9.58766616252,2,9.20029937363,4,9.61522982056,5,9.84354895667,8,9.13405119985,9,8.00652365604,10,9.61585343569,14,9.68117587669,
0,7.20095926731,2,1.83073602481,3,7.2329414421,4,9.55831910265,7,9.90119077472,9,8.95445913764,10,0.005,11,8.7309445344,15,8.82835140608,
0,7.99370175911,1,9.90900841154,2,7.7183933671,3,9.99708448818,4,2.08514034332,5,9.96979821811,6,9.86006040538,7,9.93278696352,8,1.81817783974,9,2.03580312658,10,1.91548800696,11,3.59077774643,12,9.97050725279,13,5.8751320747,14,9.49483111703,15,5.60561977401,
0,1.35070477521,1,0.847081051081,2,0.692224280753,3,5.85633120437,4,6.28408744109,5,7.32175795192,6,2.64643714201,7,7.42958086308,8,0.722659484524,9,6.73307880522,10,8.85461418695,11,9.24049344518,12,7.70109040919,13,1.53388493293,
0,9.89803782124,1,4.31685516783,2,4.82631547151,3,8.85542393264,4,7.73373298671,5,8.98575242139,6,8.22861906062,8,9.8622385846,9,9.60790806118,10,8.62443115398,12,7.69967523099,13,9.09580192974,15,9.97204615458,
0,9.94118899547,1,2.785927028,2,6.77811822235,3,7.19097596162,4,9.955850199,5,8.4054029919,6,3.04576236526,7,9.78660029866,8,6.11198623601,9,9.89875324338,10,9.69231731621,11,9.78132562985,12,9.96077570665,13,9.06562196097,14,9.92761503071,15,9.71972927335,
3,0.005,
0,0.915374149951,1,3.72677072118,2,9.73845656851,3,8.69680250515,4,6.08670818635,5,6.56863817675,6,6.95795085061,7,9.74034663023,8,5.21113089295,9,6.0898016253,12,1.70986672859,14,5.86505842287,
0,7.11688467409,1,6.78536614034,2,3.59610084854,3,8.45172100264,4,9.06587447314,5,9.69626530913,6,2.89900914755,7,9.42665829907,8,9.72903253481,10,6.40558438767,11,8.7967726642,15,9.40078568717,
0,9.93118977776,1,9.99138068326,2,9.87715199987,3,9.6961901801,4,6.43339163932,5,9.99140794059,6,9.9576235558,7,9.70017402951,8,2.88468492235,9,9.8105750108,10,9.78695312041,11,9.98762236261,12,9.91709461344,13,9.28630004492,14,7.11552449465,15,9.70064841936,
0,7.12863383197,1,9.64250167065,2,1.14370951362,3,4.79613962133,4,1.60364032901,5,8.60951718302,6,9.01101820179,7,3.5113112471,8,2.45186352301,9,8.75564036539,10,1.9695694095,11,6.7131984399,12,3.64991761093,13,4.39075433705,14,4.32162882169,15,6.57806455308,
7,0.005,
15,0.005,
0,9.92989229238,1,9.99095753791,2,8.48736617824,3,9.99149599053,4,3.00091357004,5,9.98791901272,6,9.94641741314,7,9.86072679333,8,9.94755205261,9,9.92922677434,10,9.30880160092,11,9.57921606956,12,9.85285273668,13,9.85028461385,14,9.90882786475,15,4.72744279087,
0,5.56584951186,1,3.12346149677,2,2.00782165154,3,6.95588076461,4,9.345574327,5,7.38793388772,6,9.7811766157,7,9.22148154082,8,9.81135918226,9,8.60279265503,10,9.14099423208,11,8.90343080607,12,3.77176805716,13,9.1093726602,14,9.54949653495,15,6.41002848442,
0,0.17372563908,1,9.7541493475,2,2.94541830708,3,9.86297732508,4,5.91344081983,5,9.92865367455,6,9.86250158132,7,8.97814823525,8,9.61571614783,9,1.20987095497,10,9.36123815176,11,3.62914385813,12,9.84196472151,13,9.86156919633,14,8.44926872095,
11,0.005,
0,8.21874864264,1,9.90466458558,2,9.61199676385,3,9.94474797353,4,1.95276532839,5,9.51317279034,6,9.31973485991,7,9.28491256787,8,4.76950778255,9,8.87024945421,10,9.73914828802,11,2.58922002482,12,9.54811021744,13,7.58369367495,14,9.81371370846,15,8.95085962004,
0,3.45464586582,1,9.77994265219,2,0.240557550596,3,7.3396325468,4,2.63068649874,5,4.54299269002,6,5.82379768354,7,8.52361229409,8,3.57630716394,9,3.60324522276,10,1.66513620194,11,6.97618721798,12,4.82644732426,13,4.80940914181,14,3.05792590522,
5,0.005,
0,9.94558209091,1,1.60050526327,2,5.78326175551,3,9.96530109045,4,9.97087038504,5,9.99418954282,6,0.844307595429,7,9.66011795371,8,9.83861555543,9,9.63549255368,10,9.94809077217,11,2.20293722874,12,9.9323314716,13,9.74470039831,14,9.31559747506,15,9.07268939575,
0,9.95322977729,1,9.90717664789,2,0.877012144619,3,9.91380907869,4,9.52914204229,5,9.98143311578,6,3.99834733511,7,9.99582142316,8,7.73456388278,9,9.96080191587,10,9.95853081568,11,1.04833654719,12,0.47047315328,13,9.9741989704,14,9.93385402695,15,2.33600543459,
6,0.005,8,9.8264046328,10,9.90339938005,
1,0.005,12,7.82285977478,13,4.07964607924,
6,0.005,
11,0.005,
0,0.838722515348,1,3.45496997508,2,5.2584011115,3,8.19121945472,4,9.01497021461,5,5.20584380802,6,9.90275544845,7,3.76462255716,8,9.47203987395,9,7.2501486669,10,8.85221702287,12,9.41833756276,13,9.81108453865,14,2.82572816628,
2,0.005,4,8.92998587172,7,2.99206872185,
0,9.96588650579,1,9.96761268574,2,0.290918138125,3,9.91948921913,4,9.96445800319,5,1.81093361645,6,9.95301134579,7,9.70819780413,8,2.89002392624,9,9.94058392608,10,9.72520703671,11,9.89778010132,12,9.93944798317,13,9.89788252823,14,9.82522354966,15,9.87824594275,
0,1.31829146492,1,9.94819334551,2,9.98036734849,3,9.8890560374,4,9.95421962349,5,9.88344204205,6,5.9469061113,7,9.75858483043,8,7.16870165493,9,9.97965508662,10,9.7880725917,11,1.83985014772,12,8.90726722358,13,9.31889377949,14,9.94156405623,
0,9.64186470281,1,7.48717714128,4,9.93554415745,6,0.005,13,9.66364584023,
14,0.005,
10,0.005,
9,0.005,
0,5.66796425053,1,9.92608846796,2,9.37414685174,3,9.80327839686,4,9.69416899859,5,9.56321630833,6,9.80315766895,7,6.20340196589,8,3.1376978962,9,9.60953552325,10,6.21868965298,11,9.83437360746,12,9.49891205798,13,8.91038100135,14,3.03543587983,
14,0.005,
7,0.005,
0,2.19881606462,1,9.77246208614,2,9.1174126099,3,5.35681564981,4,9.24998471895,5,5.91786173616,6,8.15720769613,7,7.81760818427,8,9.92229571128,9,3.54556112779,10,9.94333844243,11,3.81604915542,13,9.88176843806,14,6.68481995308,
13,0.005,
2,9.29430013284,13,0.005,
14,0.005,
0,9.51236899433,1,9.99606843494,2,9.94866555956,5,7.9230280204,6,6.95389262151,7,9.40119339029,8,9.7291375198,9,7.79265628703,10,0.323229327614,11,6.50731779006,12,9.62010641523,
5,0.005,
0,9.67946433672,1,7.83828638226,2,9.65320075031,3,9.95896480536,4,3.70890663205,5,9.98262806322,6,9.71834214226,7,9.55365336725,8,9.94088355574,9,9.9282196933,10,9.97620295434,11,9.9419738216,12,9.86442687619,13,9.99447325452,14,9.93935513522,15,9.32586053614,
