0,0
1,1
2,2
3,3
4,4
5,5
6,6
7,7
8,8
9,9
10,10
11,11
12,12
13,13
14,14
15,15

15,0.005,
12,0.005,
0,9.77428890394,1,0.720165264157,2,1.28168941677,3,1.37001489624,4,9.94458889646,5,7.50850611936,6,9.49163379622,7,0.388443074492,8,3.23591756217,9,9.79099439889,10,0.656128883598,11,9.77463507254,12,8.88903839612,13,9.26976551671,14,9.59321452848,15,1.64248937141,
5,0.005,
0,0.333460957307,1,8.29570269659,2,3.93497146943,3,1.28951138544,4,5.06403236061,5,8.84232304142,6,2.54884802714,7,9.15695848622,8,9.71957749312,9,7.00603515935,10,8.30918719043,11,8.99559669084,12,9.36895960643,13,6.74004848309,14,2.30803243017,
7,0.005,
11,0.005,
0,3.52652588263,1,8.90505166451,2,9.55300772284,3,6.77308908221,4,9.44134413347,5,9.5519009217,6,1.38729321019,8,9.80419170397,9,2.5020612351,10,9.34345649898,11,7.75646756355,12,4.08718217832,13,9.03191042468,14,6.33226905325,
0,9.99905261575,1,0.139972944372,2,9.99227086434,3,8.08919961975,4,9.81811429097,5,9.94956029348,6,9.90392896352,7,7.83835705367,8,3.96225759036,9,9.99046753937,10,9.91465074805,11,9.83546928378,12,9.78905577467,13,9.91423416213,14,9.52836978574,15,9.30883790686,
0,9.97737989021,2,8.36654147823,4,9.60743926707,13,0.005,
6,0.005,
12,0.005,
2,2.10093158641,4,8.15515685849,9,7.00967671613,12,0.005,
11,0.005,
0,6.15783491181,1,3.03337135365,2,2.4248668446,3,5.4796893609,4,1.9521992258,6,3.79435155765,8,8.84125008095,9,4.60673991069,10,4.49875136525,11,7.803290293,12,7.40435094441,13,5.19127096549,14,4.00072526637,15,3.95989608099,
0,0.0292085140331,1,8.82557310824,2,4.96212653983,3,8.67974507892,4,1.08299691787,5,9.50789176545,6,8.94769659177,7,9.13005198069,8,9.83809526093,9,1.73377174726,10,9.35134334359,11,9.41052095541,12,6.89679575729,13,9.43885739873,
14,0.005,
14,0.005,
3,0.005,
14,0.005,
1,0.005,3,7.94794208015,4,3.54020260945,9,8.03233956425,
7,0.005,
15,0.005,
0,4.59010428782,1,7.58196940166,2,9.47492940842,4,5.23317048245,6,5.31737268988,9,8.52631948385,10,8.02888413342,14,0.005,
6,0.005,
1,9.16871419102,10,9.7977083752,
0,2.19225413156,1,8.39391614263,2,8.76188472737,4,9.61758975225,6,7.16961548609,8,5.59513577993,10,8.6533800297,13,6.36753951886,14,9.07643855844,
13,0.005,
0,9.93391188381,1,4.48399389405,2,7.96852333903,3,9.90766899664,4,9.9889152089,5,9.95721905152,6,9.61106802796,7,9.89546080531,8,2.14628011192,9,7.18543532556,10,9.79318194527,11,9.55790642466,12,9.79777018794,13,9.88486516265,14,9.19685897407,15,9.87168414366,
2,8.87564396591,13,0.005,
1,3.21729023946,2,9.89497744465,6,4.5102518916,8,9.62024882496,9,9.4099086674,10,3.0666745476,11,5.17698647846,13,9.10425627276,14,0.56255120573,
7,0.005,
0,0.837989950011,1,9.20006896823,2,9.78009757131,3,8.76525933049,4,2.49682534908,5,9.77777531186,6,6.81223367918,7,8.39231494585,8,3.29218462712,9,6.16132708865,10,9.92427436658,12,6.06943538345,14,2.36330838216,
0,9.98550796442,1,4.62108911242,2,9.99817784985,3,9.93140284024,4,7.70286758791,5,7.61882499087,6,9.66322857701,7,9.5794522127,8,1.33964283058,9,2.75976256635,10,9.99571910038,11,1.05841511609,12,9.93332350205,13,9.96190592182,14,4.81382721283,15,1.18460990894,
0,9.66766930467,1,3.16599045143,2,6.63677251832,3,9.88267417257,4,9.88465244293,5,9.90498683322,6,9.78232562165,7,9.99702337232,8,9.95984162907,9,0.533720695016,10,9.9955320049,11,9.73947921294,12,9.73611558283,13,9.72343575477,14,9.99751013161,15,9.88252094506,
0,2.16110498023,1,7.25043959098,3,9.91002859291,4,9.79643797393,5,7.53072830659,6,1.41792753365,7,7.33379097242,8,8.32403924339,9,9.49862630127,10,2.29858284793,11,9.00558697819,12,1.57433423607,13,7.53416275213,14,7.17852231614,
0,7.58556636144,1,3.77961013704,2,2.87285834184,3,4.44375718564,4,9.01380941276,5,8.76966831992,6,9.1591031386,7,9.10319292348,8,4.40969935989,9,9.77731352788,10,5.82933921926,11,7.62118522726,12,9.39572503687,13,7.78795789728,
10,0.005,
0,6.50734438791,1,9.8779336133,2,9.76898458313,3,9.54566160656,4,9.76441017931,5,9.92681745212,6,4.74818946866,7,9.68639356432,8,9.95204290403,9,9.94819561779,10,3.51681822858,11,9.54440486702,12,9.98461736388,13,9.04912634565,14,8.82827506949,15,8.61310153344,
0,9.98903635079,1,2.81672986494,2,9.96900976607,3,9.87380306416,4,9.28690470985,5,9.82900843089,6,9.85179939824,7,9.79541104959,8,9.13229945881,9,6.03565531676,10,9.79344024935,11,8.55718741052,12,9.95358934883,13,9.81631284623,14,7.70683862621,15,9.28516775841,
12,0.005,
0,0.701095364515,1,0.507721411748,2,2.61858579421,4,0.378366345779,5,2.72389992023,6,2.45134543058,7,3.91570414886,8,2.75824826064,9,1.57866566505,10,3.12367383336,11,8.42615580764,12,4.99018381868,13,1.40692653446,
0,9.49526489873,4,9.23556874323,10,9.63676839468,
13,0.005,
6,0.005,
2,9.83816122447,4,9.67115185903,5,0.005,10,2.99144703885,
11,0.005,
0,5.25651538826,1,7.67044970825,2,9.99492130045,3,9.51364712076,4,9.86670599763,5,9.69917237286,6,9.68407878849,7,8.35598938139,8,8.94755548932,9,5.63024025819,10,7.38597280893,11,5.42013116763,12,9.49317155365,13,8.04662807862,14,9.4787318663,
0,9.90791999188,1,9.77558622642,2,9.98856219719,3,9.9992260077,4,6.49672326878,5,9.32572730893,6,9.93238402755,7,9.93711436802,8,1.30258157692,9,9.85513180535,10,9.7786520345,11,9.93602151723,12,9.82606772815,13,7.24010483871,14,9.97410312523,15,9.85746516759,
1,9.9199380154,2,6.72104398058,9,6.82507763889,
6,0.005,
11,0.005,
15,0.005,
0,8.99765902005,1,8.87035441761,2,9.8360374799,3,9.66661641165,4,5.03427646563,5,9.69531827447,6,7.07275640786,7,9.63589322985,8,3.55703265212,9,8.8901645649,10,9.62222767321,11,9.90755293684,12,9.54923711707,13,9.15827678067,14,8.74464739082,
9,0.005,
10,0.005,
0,8.30620791921,7,0.005,
11,0.005,
0,1.32011498816,1,9.3579964882,2,5.59117087065,3,2.6349184455,4,5.80944774007,5,5.26378379209,6,7.42385683625,7,9.23648435937,8,4.22610312908,9,8.89548246194,10,9.45686653732,12,9.78128340973,13,2.57235616904,14,5.67826005127,
0,4.34469522956,1,9.94666945783,2,9.97330748386,3,2.10070845347,4,9.97037963618,5,6.6893798568,6,7.73411914146,7,9.68060641466,8,0.718128864575,9,8.44880595442,10,9.77550333655,11,9.83967986108,12,9.88293502848,13,9.15493944436,14,9.9664012916,15,2.97419388865,
0,3.48098394781,1,9.75171678396,2,8.19353902815,3,9.97827580809,4,9.86567770875,5,6.0897844475,6,8.80156305689,7,8.06722540426,8,9.94702183306,9,9.65463995384,10,8.863957691,12,6.50702871169,13,4.66267713107,14,9.94905632116,15,3.98321906699,
9,0.005,
0,2.73195655546,1,7.87059816554,2,9.31054164447,3,9.57907125291,4,9.59809697613,5,9.30110032065,6,0.519449651452,7,9.96592322618,8,5.29856932297,9,6.39666199507,10,1.03606686019,11,8.19317207947,12,3.64229224001,13,9.92296834189,14,6.35903459357,
0,9.94275716943,1,9.79812204605,2,3.52706627176,3,3.42039106208,4,2.82378305588,5,9.442875526,6,9.93423446319,7,9.4397393237,8,9.97198759042,9,9.50054004551,10,9.98344019694,11,9.2067583656,12,8.8871830418,13,9.51794015539,14,9.78859047761,15,9.05312602362,
15,0.005,
0,9.89341004007,1,9.97756297997,2,9.93053366863,3,9.16781094723,4,9.98346063321,6,8.34622103671,8,0.520554749779,9,8.73893910719,10,1.1911728496,11,0.339270860618,12,8.74552813775,13,9.56225549878,14,1.26702095176,
4,9.48134810854,9,0.005,11,9.79920845767,
7,0.005,
15,0.005,
0,9.78564273699,1,9.99655513306,2,9.89193419365,3,6.08089925345,4,2.46040127281,5,9.90262600068,6,9.49354277752,7,9.62371392993,8,9.8363724465,9,9.91729408401,10,9.97222969494,11,7.08926094007,12,8.21156167766,13,6.99034157582,14,9.70587593945,15,9.42840890595,
8,7.49726747854,12,0.005,
15,0.005,
11,0.005,
0,8.5757644653,1,9.99322417964,2,1.23842190108,3,9.99358727098,4,9.95563964583,5,9.62870699096,6,9.40042648097,7,4.9071071304,8,8.98480979632,9,9.13403509319,10,9.97035059082,11,9.88662975498,12,9.9568866001,13,9.94091938378,14,5.26914685352,15,6.67491426722,
0,9.99885215532,1,9.97935341626,2,9.91388629129,3,0.0396559742172,4,9.96517602758,5,3.32910049678,6,9.88574815058,7,9.84376692813,8,1.49251854161,9,9.96287579699,10,9.96128550594,11,9.99424880139,12,9.99555674508,13,9.95557965711,14,9.92379146318,15,9.95510563418,
2,0.005,6,4.72533270951,8,9.77115937108,
0,9.95980713003,1,9.57764827735,2,2.95783492287,3,8.06360074933,4,9.79003861862,5,9.68774156055,6,8.0890210693,8,9.03979972966,9,9.59268671982,10,9.30915024277,11,9.94581670118,12,8.52123909594,13,9.63676615521,14,7.66927362964,
15,0.005,
0,5.59880773241,1,9.75482303839,2,8.93389348092,3,9.36136496868,4,5.76098645347,5,8.03514022574,6,9.72117192815,7,9.61001106553,8,3.54570176302,9,9.19712930139,10,8.84211882803,12,9.71867982454,13,8.58173632844,
6,0.005,
0,9.77497768127,1,9.8350917968,2,0.392891679949,3,7.75744391505,4,1.50341949616,5,9.74515810606,6,5.22599193869,7,9.46038261221,8,9.99872214193,9,9.78622414293,10,9.63076895021,11,9.57663515054,12,8.55790379051,13,1.44492199899,14,9.87936006216,15,8.26868255687,
0,4.85729090251,1,9.66315528203,2,6.94242736565,3,8.14978819629,4,8.32906512058,5,7.33586791608,6,9.9888641324,7,5.7999893263,8,9.89844169122,9,3.96511863447,10,7.52135925074,11,8.87200367468,12,9.50156712214,13,5.77644304204,15,6.32912929777,
0,6.56778019286,1,9.93837729682,3,6.5488062295,4,9.9484947238,6,9.39330352196,8,8.79388737969,10,9.26895288089,13,9.03625291126,
0,9.97885188577,1,9.98702362547,2,1.15376124224,3,9.99825261775,4,9.99923382263,5,9.98388351727,6,9.9870030432,7,9.98617420769,8,9.96712072828,9,9.82818598741,10,9.95288356335,11,9.79445514406,12,9.98175987691,13,9.99301074603,14,9.85759238944,15,9.92880453798,
9,0.005,
0,9.57527311167,5,0.005,8,9.96924273561,9,9.99613794689,10,0.838223262299,
11,0.005,
0,9.55070129047,1,1.98414598325,2,1.73530519562,3,1.16989193905,4,3.26317409781,5,0.687842843152,6,7.97482566751,7,6.15280459463,8,7.63198374209,9,7.83742941652,10,3.93706187387,
12,0.005,
0,9.95726914875,1,5.84605790358,2,0.754685081987,3,1.37973844165,4,2.37447631419,5,6.20759109568,6,0.83171050885,7,6.3268879418,8,0.613278898569,9,8.7073125334,10,6.78296248139,11,7.45229527051,12,7.67413434015,13,0.309344373571,14,2.52548311209,15,7.14283082293,
0,9.28097240393,1,0.995827010767,2,5.67806957682,3,9.93074280354,4,9.96174298146,5,8.40914331129,6,9.71971750118,8,9.97936132847,9,8.8223885867,10,8.82900957996,11,8.6619212297,12,9.6852591357,13,2.63527656783,14,9.52859940189,
0,7.98104492887,2,9.28041010141,3,9.32502185947,4,9.81292082707,6,7.98687124739,7,0.005,8,8.88167119145,
1,0.005,
1,0.005,8,4.07069535919,
0,0.608225509661,1,9.95314401705,2,8.41739203988,3,7.74076314883,4,9.78476967718,5,9.04698703835,6,9.62034364849,7,8.92618505975,8,9.18789333856,9,9.49628457588,10,9.87196523839,11,9.70595232722,12,1.04758368369,13,9.13688383538,
5,0.005,8,9.56947667949,
13,0.005,
0,9.41358463459,1,9.75200025962,2,4.64573082279,3,9.8820315624,4,6.11188982947,5,9.6890424148,6,9.78112815762,7,9.97652820789,8,7.11845541966,9,9.25710566851,10,1.55208039435,11,9.38037703758,12,9.51464187624,13,9.44490291599,14,9.65552087896,15,9.11336700542,
0,9.52569202844,1,5.11086417275,2,1.37002508316,3,2.5515552967,4,9.59734938301,5,9.38292263695,6,9.85191944244,7,9.82326943128,8,5.27029700277,9,9.4188243901,10,9.00626298863,11,9.65005381356,12,9.4409259053,13,0.796284117387,14,8.83227291781,15,9.62038281162,
0,0.291614734412,1,7.57734118037,2,0.788919054362,3,9.3172919233,4,0.508042918632,5,8.674595675,6,9.25657200357,7,6.90359542305,8,9.96681856449,9,8.221444476,10,7.18355948054,11,7.40856165999,12,8.20143157671,13,6.36220080948,14,8.67253960649,15,1.27854140405,
6,0.005,
0,0.227631139904,1,9.82947858404,2,9.72779939749,3,9.98205993349,4,9.23516792938,5,9.1148675348,6,5.82807390528,7,3.11150006188,8,9.65942734155,9,4.09443560829,10,9.18201089799,11,9.15987505873,12,9.99033654887,13,9.85029784108,14,9.86145160428,
0,1.45091112194,1,7.50759090166,2,1.95167727596,3,7.15454292511,4,8.28747053357,5,2.94461285816,8,8.55040890005,10,6.62865694897,11,9.82333480077,12,1.8598449149,13,1.99902085138,14,9.80734598425,15,3.33790612413,
0,6.82590676318,1,8.98043298016,2,9.93556883329,3,8.82343298377,4,7.79228208302,5,8.21278160996,8,8.34720461889,9,7.30733067208,10,6.88972685055,
13,0.005,
0,9.84841163206,1,9.86247777044,2,9.9890393431,3,5.54690842961,4,3.43208070791,5,9.20994828779,6,9.06373491974,8,9.97604817824,9,9.27643117434,10,4.42336157162,11,8.7130013397,12,9.99535900945,13,5.48972524648,
0,9.79809329502,1,9.71063821169,2,9.75294986925,3,8.07224910124,4,9.81691653045,5,5.57292480592,6,9.18692023787,7,9.72259774351,8,5.34937122029,9,9.46160680589,10,9.93680715345,11,9.82398537206,12,5.72128630562,13,9.03084047112,14,9.84800715544,15,8.90953654208,
0,9.78560525094,1,6.37531472176,8,0.005,12,8.69611701313,14,7.76753095689,
6,0.005,9,8.3095823986,
13,0.005,
0,9.65851040049,1,4.31222604353,2,9.56834522361,4,7.71043489537,5,9.76019498984,6,9.04343706884,8,9.36910603773,9,9.39449534227,10,9.24702673149,11,7.37193466883,13,9.27205034484,14,9.67073020615,
0,5.79427505715,1,5.22637063916,2,9.9001702444,3,9.49032382226,4,9.99170146466,5,9.78088340035,6,9.9081440989,7,8.12420477213,8,9.40175258249,10,6.1091159576,11,6.60102190055,12,5.05089635296,13,7.96073576833,14,7.90186996112,
0,8.88090705151,2,9.34931677044,4,7.0892103051,5,9.52079580479,8,0.005,9,9.4637190787,
0,6.10993303254,1,3.5605591752,2,9.29862016649,3,9.98315825801,4,8.4173930265,6,9.77828111811,8,9.9667631157,9,4.22403158677,11,8.87071213151,12,4.56842865534,
0,9.99129008615,1,9.96733155259,2,9.87571419235,3,5.0027674058,4,9.95473246955,5,9.64480581508,6,9.99144318701,7,3.84733035696,8,3.63793132114,9,9.96081145198,10,9.98787205388,11,9.37817218277,12,9.97962751872,13,8.07331590391,14,9.50198096906,15,6.27513304839,
0,0.211950788983,1,9.76010446281,2,9.96125549084,3,7.77111044587,4,9.68404804292,5,1.45412496237,6,9.71443840898,7,9.8030691585,8,9.93618459212,9,2.48698595889,10,9.70330897743,11,5.05350326827,12,9.84843789256,13,8.09206404747,14,6.69710242327,
0,7.09581369165,1,9.95334951601,2,9.49667539546,3,7.85786555273,4,4.26678594605,5,9.67729262794,6,9.98069789484,7,9.42472192878,8,9.90318458208,9,8.75226670361,10,9.6871201177,11,9.91714449839,12,6.33923030402,13,8.05428992027,14,9.37510305693,
11,0.005,
0,9.22471824407,1,9.39822126241,2,5.56851534447,3,9.8934177429,4,9.94029103377,5,9.61067500538,6,9.09684288513,7,7.15981625522,8,4.79092193515,9,9.00510660262,10,9.6172822893,11,9.08475897991,12,9.1266478055,
1,2.29040759362,8,7.57662072202,14,0.005,
0,9.85641166126,1,9.73959890125,2,9.94205078088,4,9.9343073532,5,9.97869933953,6,9.84950106452,7,9.60935029959,8,9.39837667105,9,9.85909347654,10,0.207856535597,11,9.39512323582,12,9.81832858432,13,8.51145184088,14,9.90080175543,
0,5.54296160772,1,9.9839461344,2,9.78223502872,4,9.38050189724,6,9.47998439498,7,7.97306033395,8,9.39858879579,9,0.005,10,7.38945367846,11,6.77625081499,
7,0.005,
0,1.70491603744,1,9.767044371,2,9.8581572198,3,2.11285047981,4,9.81410879779,5,9.62336702993,6,9.98989735387,7,9.86266392028,8,9.96289326206,9,6.03427578777,10,7.77432212423,11,5.4186935295,12,2.70157462482,13,9.35959098306,14,9.07194572694,15,2.83737363585,
2,6.82517344277,3,5.82110856606,4,9.96039632852,9,9.50294394286,12,0.005,
13,0.005,
3,0.005,
5,0.005,
0,9.93060808379,1,9.83714541459,2,2.03103344028,3,9.8736058946,4,1.62341612362,5,9.5775962796,6,9.90175001069,7,9.92316915525,8,9.99122555878,9,7.89184947084,10,3.49703560272,11,9.10238124277,12,8.17495159437,13,8.96771402155,14,9.95242999832,
5,0.005,
5,0.005,
13,0.005,
13,0.005,
0,9.99896430322,1,9.95698357498,2,3.49722472054,3,9.98323998096,4,9.90858982639,5,9.45003289965,6,9.97712285063,7,9.70133468347,8,9.9061922523,9,4.90051234358,10,9.96435263007,11,9.8962613583,12,9.98022471186,13,9.95753383306,14,9.85593180093,15,9.80674329747,
0,9.25799037779,1,0.516721158337,2,6.42686709197,3,8.62984713717,4,9.69369680416,5,9.28219032885,6,7.33113143709,8,9.92590650501,10,9.82312029052,12,9.34845688557,13,9.6696837861,14,4.67078203597,
11,0.005,
0,9.99861875138,1,5.01529475679,2,6.22886778872,3,9.74608785775,4,1.9362161231,5,9.62438625366,6,2.38768486104,7,4.86815522619,8,9.93951750607,9,6.42138700981,10,5.0067348437,11,8.02830156121,12,8.89770443462,13,8.80466702283,14,9.78444000318,15,5.22165659475,
15,0.005,
0,8.57747572492,1,9.92940430281,4,9.53361002099,7,6.63194593099,8,0.005,
0,9.93507099592,1,9.66800788678,2,2.75079925556,3,9.55796390364,4,7.49180900868,6,3.10303098767,8,8.19927493072,10,9.8845937588,12,8.93635986307,13,8.33643311582,14,8.22889462459,15,9.83581336513,
10,0.005,
0,1.09346825218,1,9.17234831925,2,8.65754859206,3,8.84553713167,4,3.3030943909,5,7.95413978342,6,6.91731671901,8,8.24468860199,9,8.35279820727,10,9.82537894238,12,9.39800239276,13,2.67609783003,14,9.78722065169,15,6.4164491636,
5,0.005,
11,0.005,
0,1.83259810806,1,5.01759379194,2,2.7483208556,3,7.59558043757,4,6.46383196357,5,4.77254015376,6,9.68962819403,7,7.53627802955,8,0.793071543911,9,9.81504420535,10,6.36752500519,11,3.07216483097,12,8.78589813681,13,9.90785694118,14,2.37254990214,
0,1.01049943821,1,9.83263379836,2,4.94949881563,3,8.53882139409,4,9.92985585963,5,5.97307046692,6,9.95626958722,7,9.59248467874,8,8.44555167671,9,8.25480650646,10,9.98596097823,11,8.70722867225,12,7.64920976723,14,9.8501221826,
0,0.309148662663,1,9.84386232279,2,9.95814503066,3,9.65010683944,4,9.88660075026,5,5.07077528445,6,5.73694615218,7,9.78905870689,8,9.99182740895,9,9.90560752626,10,9.49650071081,11,3.10600165909,12,9.12362540303,13,9.89958887732,14,8.80774141047,
0,8.49871622119,1,9.76536522226,2,9.72927884479,3,9.31820753507,4,2.9658162979,5,9.51349402376,6,9.99889028936,7,9.46256220813,8,1.87386728795,9,9.19121317516,10,9.79297657293,11,7.91521576941,12,9.25762846278,13,8.45151624649,14,9.85011358316,
0,9.10032867029,1,9.84758694398,2,9.62858615437,3,6.08022033508,4,3.70497899311,5,9.89004360893,7,8.8181233964,8,9.287907781,9,9.33024463646,10,0.005,12,4.95451569552,
13,0.005,
0,7.05582830237,1,8.56517863504,3,9.03108578317,4,9.44189173175,5,9.01795850392,8,8.6911235745,9,0.005,11,9.99517707379,
11,0.005,
0,9.99514938844,1,9.9916026052,2,0.537401099641,3,9.97751950882,4,9.99655705257,5,9.99985932782,6,9.98487325286,7,8.14592986302,8,9.98841594152,9,9.97137049477,10,9.98149315865,11,9.98332686425,12,9.95046364851,13,9.97295548368,14,9.97012394946,15,9.94675479775,
11,0.005,
11,0.005,
11,0.005,
0,1.2172756539,1,1.50900005035,2,3.70636910551,3,2.77389273963,4,9.40038478687,5,8.72573403018,6,8.10613680011,7,9.03321915344,8,8.54232193008,9,9.99915899937,10,6.40730515862,11,9.68665252647,12,9.69787527664,13,6.69167137082,14,9.76296726426,
0,6.57633668699,2,9.42482478942,4,0.005,5,8.58116505999,8,7.47565632294,9,8.31121365059,10,9.29123626251,11,4.9761477077,12,5.15532499427,15,9.6792049546,
0,0.101487640528,1,4.3649881619,2,8.53746825239,3,1.54122996858,4,1.71224167229,5,5.40300037542,6,9.77289183099,7,9.03293961247,8,8.70595146223,9,8.06460875441,10,2.31867721012,11,9.07316656701,12,1.37420555648,13,0.005,
11,0.005,
7,0.005,
0,2.43467780752,1,9.43352203613,2,9.31852509703,3,9.025064272,4,9.29312251481,5,9.87716034369,6,9.37141561993,7,9.49123109771,8,9.33057592902,9,6.03825871455,10,1.72738051614,11,9.10378710655,12,9.82690260199,13,9.950082474,14,7.680232643,
0,9.05318235692,1,8.68977266062,2,9.9972044998,3,9.32004078121,4,2.15080423441,5,9.74948065818,6,9.80515696588,7,9.7562683438,8,7.53292841534,9,9.92004911284,10,9.81241543679,11,9.71556190419,12,9.07323978287,13,9.59445690578,14,7.37835966658,15,9.68949284864,
0,9.99787220682,1,9.77240247177,2,1.0476580286,3,2.17555967072,4,9.92495421341,5,9.69280737675,6,9.99649676593,7,9.75682600513,8,9.98428267555,9,9.93260085548,10,9.9465607627,11,9.9612269894,12,8.85827278806,13,8.27000311055,14,9.83663754972,15,9.96094378789,
13,0.005,
0,9.86932511856,1,6.11167944784,2,3.67319243555,3,6.6242761141,4,9.70290046144,5,9.38218090103,6,9.91592582745,7,0.567133960571,8,9.65781821625,9,7.43022580121,10,1.50226661868,11,8.59914447903,12,8.95842515745,13,9.87832550604,14,9.7103166092,15,8.07493288513,
0,9.88877012379,1,9.97765914209,2,4.56455171978,3,9.82600563981,4,9.70317612517,5,9.03449296881,6,9.77664576968,7,9.94921512027,8,3.68486226727,9,9.90991328248,10,9.43214973937,11,9.8986071021,12,0.864265920641,13,9.89856720061,14,9.68236070462,15,9.80936377663,
15,0.005,
1,0.005,3,6.59105131499,11,9.00502051084,
14,0.005,
1,9.61065635473,2,8.85262438125,6,4.44681560096,8,1.71777721908,12,9.82700202421,
0,9.86186103403,1,8.97978838263,2,9.99458143137,3,9.06914081099,4,1.21558144715,5,9.66117237483,6,9.71745294864,7,9.89979259376,8,5.32414564243,9,9.8096393694,10,8.87653027928,11,9.9240196126,12,9.80868056819,13,9.52031278945,14,9.63958530007,15,8.59752706641,
0,4.3779952352,1,6.07621397916,2,9.09098537576,3,4.80970965163,4,1.25787835702,6,4.68752392488,7,9.67363996394,8,7.58051897892,9,9.72786154895,10,8.12375507137,12,6.26724773801,14,9.99445223321,15,9.52933538061,
0,9.54474397806,1,9.62147158352,2,8.61168936865,4,9.88953294573,5,9.75881646042,6,4.5822609944,7,6.36658322534,8,4.1328669788,9,9.76248720651,10,9.46636029325,11,7.62950788682,12,9.7212970733,13,9.12285253368,
0,2.38255113766,1,9.96790245985,2,9.88233668287,4,1.23166899451,5,9.90926273781,6,9.21068933599,7,8.13147110467,8,3.30148997266,9,9.7474053829,10,9.06326662737,11,9.68522200641,12,9.93704124998,13,9.77238506847,14,9.49660922029,15,2.12330273051,
7,0.005,
15,0.005,
11,0.005,
0,9.50136935145,1,4.70273673746,2,0.875849302955,3,9.98090281685,4,9.92683041932,5,8.45463119748,6,9.61529377578,7,9.90717721365,8,9.82524972308,9,9.28856237808,10,3.67944586376,11,0.821515254988,12,9.13857268714,13,9.79291623929,14,8.07936120093,
14,0.005,
0,9.98951561649,1,9.92830510789,2,1.58382024762,3,9.59595905762,4,3.05057873516,5,9.89860918264,6,9.97567084867,7,9.74616735636,8,7.09891762095,9,9.85937644667,10,9.85269046196,11,8.81930420626,12,9.50050614655,13,9.95675981397,14,9.35934065784,15,8.81921279418,
0,9.56198199158,1,0.846689937991,2,8.85236696374,3,9.93580579398,4,9.70852368007,5,9.60350657182,6,9.9825992518,8,9.92235362021,9,9.67307160291,10,9.92907274868,12,9.54673828335,13,9.33093090511,
15,0.005,
14,0.005,
0,9.52970662052,1,0.791779989971,2,0.626147292688,3,5.47485949167,4,7.31104735167,5,0.285896918178,6,4.30231482755,7,2.8928971938,8,4.91307227258,9,1.67115440053,10,9.58106801606,11,7.48042846747,12,7.52835929767,13,9.84561461727,14,8.92602530087,15,6.37624219012,
7,0.005,
15,0.005,
0,7.27062729478,1,3.01088324046,2,3.69502885454,3,9.46421279013,4,9.91405664426,5,9.9713468132,6,9.37207483335,7,9.99806522684,8,9.98345647778,9,9.78509945216,10,0.200727009074,11,9.66789541318,12,9.60109791672,13,9.41932630999,14,4.48900798501,15,8.15617166024,
0,2.33398881975,1,6.52867865221,2,9.84169181911,3,4.14821393612,4,9.7453575462,5,8.13546932462,6,9.66326018662,7,8.39563266907,8,0.717859661537,9,8.59053231419,10,9.19083956373,12,9.0940373489,13,3.92171946395,
11,0.005,
0,0.155511908221,1,9.01305857973,2,6.02314455441,3,1.88008584799,4,9.74591116215,5,9.6830755003,6,9.91462943851,7,1.03963796587,8,9.46827080987,9,1.23869382441,10,9.8293322943,11,7.24897745562,12,3.94376805974,14,9.91523945654,15,7.29500003104,
12,0.005,
0,8.76851948922,2,9.09149056011,4,9.31854557796,5,9.75498517663,8,9.00650745984,9,0.005,12,9.40627884022,
0,9.01975882118,1,3.52528979263,4,9.66738422296,14,7.2788751617,
0,0.628342567645,1,9.95344443221,2,6.22531201448,3,8.60094451265,4,9.28931021899,5,8.49117662731,6,6.14429756714,7,9.5129197676,8,2.73313568789,9,1.36831241148,10,0.484833774547,11,2.86885332058,12,9.01675738649,13,1.25255500442,14,1.85899553043,
0,1.85791542155,1,9.33452537604,2,3.56358158862,3,2.65398536432,4,8.00395667931,5,2.97407714881,6,9.08513424741,7,8.73210264735,8,9.8005433203,9,9.99899238526,10,9.81063604643,11,1.88189124287,12,2.38458816488,13,8.40747720813,14,9.49346986506,
2,5.97067042128,4,0.005,5,9.76798333108,8,5.34459593099,10,1.09191512861,11,9.28226207805,
0,9.99140103965,1,9.94859053493,2,9.95543569738,3,9.89063862149,4,9.98395779431,5,7.33358154551,6,9.81421930623,7,9.98594320205,8,3.23288981447,9,9.50732681506,10,9.86336328652,11,3.44263885513,12,8.6238639597,13,9.6089599954,14,9.73804112607,15,9.74715213356,
0,6.98570168983,2,1.45276913687,3,2.08995648057,4,0.005,11,9.56914426019,
12,0.005,
