0,0
1,1
2,2
3,3
4,4
5,5
6,6
7,7
8,8
9,9
10,10
11,11
12,12
13,13
14,14
15,15

0,9.50197302882,1,8.41396066824,2,9.57638517591,4,5.07534429124,5,9.54657155045,6,7.57980759445,7,8.0993333415,8,9.13516827962,9,9.04103021568,14,9.7986379954,
0,1.39111423334,1,3.45509477208,2,9.21470357615,3,2.70332892042,4,9.95304113384,5,3.44263493323,6,9.45421782477,7,6.90526805738,8,9.72332053227,9,9.55129656136,10,5.53944416758,11,9.01282043106,12,4.13822183158,13,8.79248729787,14,6.99521616127,
15,0.005,
0,1.5094197608,1,9.52042194486,2,9.6811752572,3,9.47508827074,4,8.17326196653,5,7.91285434014,6,7.07604955532,7,2.45465318994,8,9.71526146071,9,1.61187602646,10,3.72412713766,11,4.70792545979,12,9.52173334982,13,8.49795388027,14,6.06661941102,
0,2.54219851507,1,8.72728860999,2,6.06619285799,3,6.69174304157,4,0.19375528415,5,2.53557765914,6,9.40461912371,7,9.58141972451,8,9.583694194,9,5.92878636406,10,8.94965185943,11,9.8274854781,12,5.94914906848,13,8.64906532572,14,8.25703884438,15,7.86194996189,
0,4.1305261832,1,6.15821757807,2,9.04281598578,3,7.72167186598,4,3.63042735888,5,4.61292855933,6,4.70814244909,8,3.94680665741,9,7.176729605,10,7.81670436757,11,8.73818119038,12,6.62031684407,13,6.735645277,15,9.94294718673,
14,0.005,
0,9.92616787797,1,9.57756811932,2,3.17958949935,3,7.17710441535,4,9.77001518563,5,8.78195691855,6,9.45709400566,8,9.84337174472,9,9.62422893965,10,9.5726529886,11,7.66840941528,12,9.32780480444,13,9.72410689974,14,8.76912387924,
15,0.005,
0,3.86910960709,1,9.32563491152,2,9.54530276167,3,5.07162385048,4,9.5041916563,5,5.78961289157,6,4.72127869468,7,8.06942214787,8,9.96241524467,9,8.64225924326,10,8.59929231884,11,7.59687869768,12,6.49718147169,13,5.5231138411,14,6.50535488171,
12,0.005,
11,0.005,
0,9.23516545842,1,9.60407977925,2,4.57170796517,3,9.68502675681,4,9.2350518257,5,7.27788370958,6,9.28334306538,7,9.95486795439,8,8.63226842807,9,7.29119579099,10,3.20105361132,11,9.68821283549,12,9.73934835855,14,9.44254311524,
0,7.80764218651,1,5.09062631427,2,3.75653308047,3,9.89961443885,4,4.62009895667,5,9.90825119629,6,8.52041878837,7,5.66489728248,8,3.32842029444,9,2.4141354667,10,4.73804463451,11,8.80158067101,14,7.35707941509,
0,9.89448976649,13,0.005,
15,0.005,
9,0.005,
7,0.005,
0,8.43986174263,1,9.58086501864,2,9.2978942229,3,8.81993537572,6,0.005,8,9.21264455021,10,9.70180815469,12,9.08693595495,
13,0.005,
0,7.32338818791,2,9.86509322469,4,9.70884101716,5,8.68202323503,8,9.2580649442,11,9.87727995767,14,7.91575692632,
14,0.005,
12,0.005,
0,8.9401336871,1,7.26898303972,2,8.902477468,7,9.62670229153,11,9.59114510617,12,9.51004805684,13,9.42188227005,
15,0.005,
11,0.005,
0,1.21182146424,1,9.5641015875,2,9.70790942353,3,8.51924391098,4,9.54646283834,5,9.29009129826,6,8.53012952647,7,9.88971626228,8,7.12631919543,9,2.73558235235,10,9.96030967109,11,8.27693531156,12,8.22160384486,14,8.79475323316,15,6.87425151383,
1,7.22865325706,9,0.005,
0,9.9694944922,1,9.99290700556,2,9.93539994055,3,9.92232782149,4,0.582749565844,5,9.944051259,6,5.66405781962,7,9.92165021002,8,1.04216602711,9,9.98646659232,10,9.97034939576,11,9.98443904323,12,9.97209880869,13,9.48410386135,14,9.59911099097,15,9.92426994881,
0,9.54723615504,1,8.72685306113,4,3.53272920569,6,9.07447745515,8,9.1618862642,11,7.52240893713,
0,9.97293968151,1,9.74413051907,2,3.48712548491,3,7.46118348811,4,9.56951905745,5,9.57190907496,6,9.93777341234,7,9.80499048697,8,9.84708242573,9,9.84941161904,10,4.89222060806,11,5.41583540466,12,9.99738670477,13,9.93416559062,14,9.1168519937,15,6.42520857383,
0,1.08734226784,1,7.26578936819,2,9.85526158356,3,9.38451687168,4,9.74287630341,5,9.4392530584,6,9.36277009449,7,9.68535746995,8,9.79662617442,9,9.87779384272,10,3.42918491757,11,9.75264541214,12,9.99603193775,13,7.69968446865,14,8.95413881385,15,5.63177551175,
0,2.70308019482,1,9.98700098386,2,9.90936136551,3,0.13802427652,4,9.8282626766,5,9.86047742108,6,9.89308188321,7,0.575377503189,8,9.97191807246,9,9.98107411062,10,8.75508563136,11,0.102797520331,12,9.80698851998,13,9.81533719723,14,9.92693472197,15,9.09699712734,
15,0.005,
0,3.44727604599,1,8.84184494274,2,1.00030405089,3,9.43641602993,4,9.90276022567,5,0.274731089579,6,9.47557243737,7,6.23008730827,8,9.75177326713,9,4.13666659065,10,4.09973894972,12,6.95763896767,13,8.40021151328,14,4.46479407841,
0,9.84583506227,1,8.1678844511,2,4.89023458097,3,9.99967585005,4,9.93184937328,5,9.54586349562,6,9.99016985549,7,9.48362868911,8,9.96193282026,9,9.80954744084,10,9.80088515027,11,9.97215823967,12,5.21161590116,13,9.30689000643,14,9.85749857032,15,8.60405772362,
0,9.13428433,2,4.45764978578,5,5.25797696821,6,0.005,7,7.1757763988,8,9.47970859238,9,9.33103083641,10,7.13207376378,11,9.72705338457,
5,0.005,
0,7.86017807593,1,9.77888754033,3,8.52896377126,5,6.76039254019,8,5.22386936074,12,0.005,14,7.92339340239,
0,2.08235552818,1,9.94504796781,2,9.66334982768,3,9.78464846027,4,9.7008084441,5,9.51301994938,6,9.41150166474,7,9.83443860205,8,9.71632147469,9,6.70955692888,10,9.63213375994,11,2.41159285684,12,4.01985409046,13,5.1452757629,14,9.14403430418,
0,3.62170281987,1,5.05466758154,2,9.74430622875,3,5.42819070878,4,8.78904392194,5,8.96381957016,6,9.06460757891,8,9.57734026849,10,9.96553878548,11,8.54396151191,12,9.91286188587,13,1.88583404429,14,8.15492196972,
0,1.17919400616,1,0.597524560619,2,9.54156114742,3,9.00779678576,4,9.8161214846,5,7.45702934329,6,7.15512286887,7,8.76701525322,8,8.95583518265,9,8.88549207508,10,6.90622811306,11,8.84830239559,12,9.64306621672,13,9.93464704015,14,9.57152483249,
13,0.005,
3,0.005,
15,0.005,
0,9.85731488478,1,9.2184843914,2,9.49114287276,3,1.14220947343,4,3.75381844921,5,9.97998123821,6,8.40957247748,7,9.94172751461,8,9.81624384418,9,9.714176686,10,9.77502205174,11,9.77888293582,12,9.30643086041,13,9.58501269806,15,9.49282252292,
14,0.005,
0,2.14516344182,1,9.03829570672,2,9.46419703801,4,5.5573598302,5,9.43173408294,6,9.71406872739,7,9.41507910725,8,2.56598459332,9,9.30906709517,10,8.02983945243,11,7.38740134808,12,3.41413856874,13,8.15894421394,14,0.005,
0,7.42558903948,1,9.52375767596,2,0.005,3,8.16240669127,4,3.92687944582,6,6.46636983579,7,9.57350679659,8,2.10896545831,9,3.1357083664,10,3.0311197949,11,9.88659287459,12,8.15841670206,14,9.71620339885,
0,5.4272100513,1,4.67732029493,2,9.07604146141,3,5.63117454341,4,8.86015816363,5,4.57052326249,6,9.7800758086,7,7.58745972327,8,4.86389756255,9,7.36264297962,10,9.37559714106,11,9.93991520166,12,9.24183846574,13,6.25165105565,15,8.7131633454,
0,6.6408447021,1,1.90854607402,2,6.8980301323,3,4.46602974944,4,9.32107386958,5,0.71681325439,6,0.727868586029,7,8.57206532534,8,0.186561036852,9,5.92591445782,10,3.47090745537,11,9.2079709815,12,8.74285167162,13,9.45584539054,14,9.31001813296,15,9.0665589355,
11,0.005,
0,1.59680676864,1,8.47352410876,2,9.08094311503,3,6.21062772704,4,6.39107080292,6,9.6123299309,7,6.32877904193,8,5.54986341633,9,9.85144119092,10,6.86637035046,11,9.10026002864,12,9.65204383864,13,3.81523017098,15,9.64034769775,
0,9.48186860748,1,9.34706217768,3,2.18593043787,4,8.71276060858,8,3.74353837512,9,9.57189182582,10,9.90375821511,12,9.831119847,
0,4.96940539731,7,7.2703103506,9,0.005,10,9.35129598784,15,8.70410839696,
1,9.01165148559,2,6.37296774724,4,8.55489771834,6,9.743543469,8,9.25226352827,12,0.005,13,7.53108534395,14,7.69947150525,
0,9.32251163621,1,0.410539646496,2,9.66518934186,3,9.44469083959,4,0.552591471571,5,9.22964744091,6,8.37594871011,7,8.00962940394,8,5.46776221654,9,9.73340105494,10,3.94924623174,11,2.63955730179,12,5.75009594828,13,3.72779197574,14,6.7990180657,
0,0.630776986643,1,9.80294680801,2,9.77472320599,3,9.04971743208,4,9.9410640039,5,2.02787664608,6,8.91460439282,7,1.00412557805,8,2.16399737645,9,9.5146520242,10,9.89248001826,11,9.94554652913,12,9.23354864915,13,8.48703115925,14,6.01312989694,
0,9.74093802653,1,9.86241517106,2,9.09559345495,3,8.26649837395,4,9.90432475159,5,9.99102587065,6,8.38430219523,7,9.33661261858,8,7.17977783717,9,9.04033120166,10,9.21031014444,11,9.18720695671,12,9.91046948432,14,9.35159127676,
0,4.52068926781,1,4.51887412491,2,9.90836365636,3,5.53301257347,4,4.49942785526,5,5.31883719724,6,9.33073370703,7,8.06486222875,8,8.61518542027,9,3.03846394608,10,2.26310083277,11,6.56891721629,12,5.98413931639,13,8.79225225446,14,9.95478693255,15,6.69600295525,
0,8.17361833005,1,9.56752524434,2,9.66694990951,8,8.47737641938,12,8.85183822163,14,0.005,
0,9.4502331035,1,8.49808170689,2,6.10275787375,3,9.58952633099,4,0.384346199193,5,7.02395729056,6,9.7322012463,7,7.05426017249,8,3.4781321383,9,9.48404532412,11,8.00919710185,12,9.43884977631,13,9.93578447723,15,7.6065659089,
0,2.25726124294,1,7.65139924002,2,9.09433797703,3,2.74501511523,4,9.44202337306,5,9.56639882313,6,0.70993014637,8,8.77322211369,9,8.53982774769,10,9.8375645086,11,6.56309892343,12,9.67773656997,13,9.23000330749,14,9.41629677254,
14,0.005,
4,9.36868802009,10,0.005,
0,4.24852752083,1,5.99989346815,2,4.81801064377,3,9.73060238571,4,8.97715784095,6,9.24074992148,8,8.90348916928,9,5.93053079947,10,9.09962303574,11,6.54282573473,14,9.19625334742,15,7.94556789896,
0,2.57730119644,1,9.30753244434,2,9.80706158174,3,9.60182851651,4,9.9868927688,5,9.57440148009,6,8.84994203029,7,7.10814987594,8,9.91309769509,9,2.62112141112,10,9.54063279073,11,9.920738144,12,9.99566318104,13,9.76828252929,14,9.35526573666,
14,0.005,
0,3.09926191573,1,9.95764434658,2,9.5695014812,4,9.68065596074,5,9.60319854977,6,7.26952278392,8,9.47348756255,9,5.77987856269,10,5.20288771731,11,9.76488837713,12,4.58847531873,
13,0.005,
1,9.81000107657,6,0.005,
0,4.26937272724,1,8.98928626873,2,9.94650706427,3,9.73424423435,4,0.732336911363,5,8.68501710649,6,1.99184045286,7,4.68300393472,8,9.86400259906,9,9.19780872665,10,9.86277691016,11,0.04601756307,12,9.96814428759,13,9.96895850935,14,1.24612734088,
0,2.57826751354,1,9.51506067083,2,9.32617723656,3,9.78052697599,4,9.84250306328,5,8.85605388261,6,5.56045444264,7,9.85699366887,8,9.99407236475,9,9.88190242853,10,3.65463515715,11,8.46976139555,12,9.54688773419,13,3.63752695459,14,9.18843614911,
0,9.97603648826,1,9.99171632477,2,9.94201307767,3,7.77431592398,4,2.47789357832,5,1.9636747671,6,9.9768644311,7,9.92405800057,8,8.66377657139,9,9.99365346367,10,2.83556509931,11,1.50599293526,12,9.92058779465,13,9.94011271411,14,9.87994917082,15,0.356227440319,
2,0.005,9,1.34434658472,13,0.0971736799064,
5,0.005,
13,0.005,
11,0.005,
0,0.108053708028,1,1.38892949086,2,8.61577213268,3,5.55828520988,4,9.88288355102,5,5.62930739762,6,8.8768265066,7,9.4514938285,8,9.71276828897,9,9.01735929648,10,8.93315130995,11,6.73778594124,12,8.86371169324,14,6.59554272483,
0,9.55046154115,1,7.53458124258,2,3.84006566317,3,9.95908324754,4,9.72571363909,5,9.94900979062,6,9.74356824012,7,7.6986675004,8,9.73696881863,9,7.74318124853,10,9.29549551894,11,9.13110058206,12,9.54175786098,13,7.36195338272,14,9.1906303823,
0,7.12366009533,3,8.76644811107,4,4.11947488047,6,8.9316160507,7,7.63885170506,8,7.0513199378,9,7.97927842013,12,8.7344439305,14,7.0110278621,15,8.45534894293,
7,0.005,
0,4.88981045353,1,9.14007869623,2,5.37828587138,3,7.59409830352,4,8.28441374934,5,9.50290729471,6,7.51655763028,8,8.83626155697,9,5.08255866053,10,9.69178697361,11,9.54450938533,12,6.96954841248,13,8.82423774152,15,9.62988742912,
0,6.25301851557,1,7.9908214896,3,6.84061026748,4,7.28579152291,5,9.45685500199,6,9.60647950384,7,6.31479030788,8,7.26082503539,9,9.59839946112,10,7.81727566374,14,0.005,
0,6.35290729816,1,2.11229111005,2,9.99652392848,3,7.80186988151,4,9.9668642812,5,9.52558776019,6,9.7079446335,7,9.23190346165,8,9.52404898097,9,1.86518831048,10,9.58729595404,11,9.61109283598,12,9.6401870948,13,9.75198740103,14,9.16087146286,
0,6.08074729672,3,9.04267356481,5,0.005,9,8.22191904753,11,6.5584796173,
12,0.005,
0,6.29629987586,1,9.97399972555,4,8.16246530734,6,8.99271383211,7,9.12917957997,8,0.005,10,8.16277463521,11,6.78331286802,14,7.44825574523,15,6.65449115386,
15,0.005,
10,0.005,
0,9.74698385263,2,7.00204282429,4,4.53698309596,5,8.02345649296,6,5.31235351889,7,9.3166974653,8,8.91734156062,10,5.65793742399,12,7.6913382892,
0,1.00495787257,1,8.741739703,2,1.66124444433,3,4.96433635308,4,2.95024236767,5,6.00310350672,6,9.82972992709,7,6.34141874807,8,4.57918601076,9,9.40804967619,10,8.71624389787,11,7.86756636466,12,9.21452259034,13,9.83881752864,14,8.50524175803,15,5.33344819565,
0,7.33508757397,1,8.87179251603,2,8.14772180452,3,9.72189612534,4,8.28071444496,5,2.38167835914,8,7.52493977026,9,7.96350845947,10,8.70028461304,12,7.33684939629,13,9.9760060686,15,9.78872387642,
0,2.89594794779,1,9.93227368321,2,7.39806976732,3,9.56311226991,4,8.65352981681,5,9.92410210858,6,9.65012373341,7,7.45672352764,8,7.95666065644,9,9.63690530725,10,1.4414966559,12,9.59207416295,13,5.73527808267,14,4.36074585103,
0,9.66039218502,1,4.56795864604,2,9.34305279495,3,9.99276574212,4,9.89646076117,5,0.575671994696,7,9.97547780876,8,9.5604712828,10,8.37329930963,11,9.51756390287,12,9.71614512327,
7,0.005,
5,0.005,
14,0.005,
15,0.005,
10,0.005,
5,0.005,
0,1.2798765176,1,9.78998910028,2,9.5326327817,3,9.43813980973,4,6.58005181353,5,9.59972101093,6,3.41740597921,7,8.10221185598,8,9.90170621398,9,4.36533382147,10,2.8125175749,12,9.89045700728,13,3.8059167252,14,2.01296059573,15,7.65980740029,
0,8.83101094656,1,9.00564656979,2,2.64175684082,3,9.23543114963,4,4.947314968,5,9.77509697395,7,6.3544528937,8,0.005,9,9.20702394176,10,9.60114671648,11,6.14514399238,12,3.28663946507,13,8.70319935146,
14,0.005,
0,5.9964684649,1,6.99822993111,2,8.80667611829,3,9.86697816881,4,0.144999041928,5,9.97100257519,6,7.56028862112,7,9.26085063331,8,9.81736759684,9,9.72318577581,10,9.75680810409,11,6.62450051203,12,9.89892043271,13,9.36177580513,14,9.27694108226,15,5.5377490546,
9,0.005,
7,0.005,
0,7.34673596288,1,9.79178226402,2,9.82433580673,3,9.40702665635,4,9.64302982932,5,9.72984457003,6,9.1824973531,7,9.66790648639,8,9.81069623963,9,5.28096636271,10,9.31412739721,11,9.87265136446,12,2.39257835847,13,7.45081169889,14,9.51187261377,15,6.81316776516,
0,7.63611216709,1,9.48022282527,2,9.13117376548,3,9.60936662834,4,8.13740347583,5,4.75848286695,8,3.49609488697,9,8.73829761921,12,9.91061726236,13,9.96590731082,14,8.3606396813,
10,0.005,
0,9.97926075319,1,3.78349082653,2,0.532234107997,3,9.35083470423,4,3.02453377872,5,9.77900952871,6,9.97664770611,7,9.71418996314,8,9.9559850885,9,9.90025836549,10,9.79089130378,11,9.24395576338,12,9.63499049893,13,9.43298235997,14,8.69947830348,15,4.1756622714,
14,0.005,
13,0.005,
0,2.43136694093,1,9.1799817686,2,9.81767078311,3,9.80576082536,4,9.64024219047,5,3.50847253565,6,9.62268097841,7,9.40161106622,8,9.86788695631,9,9.96025738873,10,3.46027266682,11,5.90839744187,12,3.65790050246,13,3.21993394157,14,9.53640075692,
0,7.60558787455,1,9.97929668861,2,5.78999928579,3,5.49466748234,4,2.10792024896,5,4.44805357743,6,9.30128767164,7,9.55109174654,8,3.05801977216,9,8.38748336833,10,9.8072564088,11,9.96245797758,12,9.28570807441,13,8.79179783695,14,9.82577866794,15,6.16909189662,
0,0.0818280224061,1,9.07207926117,2,9.36425493475,4,6.38099579678,5,2.22312321746,6,0.390046090023,7,4.65510893826,8,4.5696981674,9,1.73393286845,10,6.55341884597,12,2.11514514905,13,7.35001545105,14,6.43815633948,
12,0.005,
0,2.36798510451,1,1.96730389775,2,9.40767861982,3,8.14010455198,4,7.80982288381,5,7.22294251101,6,9.91651542024,8,9.36640596543,9,9.65028247993,11,9.98522848808,12,7.88379549347,13,8.03528034282,14,4.62201976031,
0,0.901607172995,1,9.96607592349,2,4.01587640047,3,9.21237459102,4,9.79262588785,5,4.31319055944,6,9.16488477316,7,4.74328601954,8,9.71971930382,9,9.37329469909,10,6.4300944332,11,6.81986770776,12,9.66477355901,14,7.07454475219,
0,9.94845028931,1,6.43929606656,4,9.82101866343,8,0.005,
0,4.86056019059,1,9.99125722219,2,1.16212402268,3,1.4754153495,4,9.26901606625,6,7.37711565248,7,2.77426484172,8,7.37682283251,10,8.71816804332,11,6.18029646615,12,9.82732632837,13,9.46752867961,14,7.98759181318,
0,9.91120608675,1,9.96517894491,2,9.9162540935,3,7.93977025724,4,9.96184557117,5,8.67148840409,6,1.79253555739,7,9.78811555162,8,9.48763272421,9,9.5916362796,10,9.42236773494,11,9.90345289155,12,9.61539205206,13,9.96474473282,14,9.78924331666,
7,0.005,
11,0.005,
0,7.3742456113,1,9.90642685665,2,9.74485361685,3,9.9099431284,4,6.03330618491,5,7.42784968371,6,9.2565215248,7,9.10533712174,8,9.73781697709,9,9.59504559196,10,9.6409936608,11,8.37954147239,12,9.8366337014,13,2.22532611708,
14,0.005,
0,0.185844533026,1,9.955888923,2,6.96901130455,3,9.92706951911,4,8.41949511154,5,7.10757944317,7,8.62001447157,8,9.92047817913,9,7.292985498,10,8.95000793382,11,9.23406715868,12,9.19819871624,13,8.67341473862,14,7.0387900294,15,6.16477565844,
2,0.005,3,0.377053523099,4,8.78386329425,5,8.04254556954,
0,9.96515134525,1,9.96530948847,2,3.14109683986,3,9.88544734912,4,9.92076107748,5,9.98744325179,6,9.98335476204,7,9.97711536785,8,9.99818549491,9,6.2975547642,10,9.87520047574,11,9.93180138222,12,9.33933766762,13,9.73663665527,14,9.80167821497,15,8.27037094623,
0,9.7911130258,4,9.55411893022,5,9.79492919413,8,9.66406513162,10,9.82887929621,
0,8.48117758046,1,2.3681863529,2,9.33435379133,3,5.92724384062,4,8.45216308315,5,1.02855773905,7,2.78136584689,8,7.04650796044,9,1.46833458419,10,3.83041196784,11,9.82714081623,12,8.82394514887,13,5.04513099929,15,2.94446475028,
1,8.60614867617,9,0.005,
10,0.005,
14,0.005,
15,0.005,
0,9.83036671426,1,9.98415619564,2,9.91120338267,3,1.25685711912,4,1.52545938065,5,9.96576907006,6,0.0642225469002,7,9.68797282258,8,9.37747563625,9,2.91883451881,10,9.88643815106,11,9.95627722693,12,2.19466189152,13,9.9666362987,14,9.97894601957,15,9.77872599137,
13,0.005,
7,0.005,
12,0.005,
14,0.005,
0,4.29161816473,1,9.25216800207,2,9.98680222809,3,6.1677314076,4,9.65432374598,5,9.7396900151,6,3.7520884641,7,5.97375953573,8,4.66767082354,9,8.77719115733,10,9.52359325011,11,7.52282831654,12,0.404910002128,14,9.73945473769,
0,9.65074034185,1,8.53529731932,2,0.94503400554,3,9.62598262655,4,8.91895187177,5,9.82731833254,6,9.95242640074,7,8.10660596899,8,5.6024667665,9,8.67069305554,10,9.86846564805,11,9.52923838476,12,3.36844722569,13,7.84731763253,14,3.84824631937,15,7.06278630603,
9,0.005,
0,9.91426846273,1,8.6374297855,2,9.87901412316,3,9.91106881323,4,3.06087100185,5,9.95007149575,6,9.10046869125,7,2.66891836011,8,9.90197872832,9,9.94927851801,10,5.18696540098,11,5.37054483708,12,0.894836318747,13,9.71824966322,14,9.6809016986,15,8.68923117358,
1,7.26874803595,3,3.51941974763,4,8.78468547355,6,5.99596096265,7,0.152278262875,8,0.005,11,2.08645397663,12,0.36921768623,
0,2.55418157453,1,8.81782225111,2,9.78786903441,3,4.80518402007,4,9.97210219509,5,9.43600655978,6,2.85170080547,7,5.9097550051,8,9.03708519832,9,7.58267125646,10,6.36748328709,11,3.96657567535,12,3.62631743811,13,9.30270421056,14,8.73658245276,
0,4.41382080559,1,8.48572168037,3,9.87351918568,4,5.26357264656,5,9.28477707495,8,8.7659604427,9,9.10033776231,10,7.83962095635,11,5.9894620125,12,6.04836540249,15,9.77418589399,
0,0.429587503712,1,7.89854517453,2,9.68936389976,3,6.62102816525,4,9.43088254941,5,9.91596877001,6,9.9482113432,7,9.24126618323,8,6.2934503689,9,0.611181216227,10,9.60604073839,11,8.20018115003,12,9.43158241931,13,9.00311057828,15,9.36919444677,
1,8.52044728359,2,9.26132367358,4,8.64236978894,5,6.50247456784,6,9.47898580852,7,2.90770338466,8,9.83391199021,12,9.75526531308,
11,0.005,
4,9.58083054024,6,0.005,8,9.44467356244,12,9.49864953481,
6,5.64362214687,9,0.005,
0,1.2129510549,1,9.91250413406,2,9.9865371646,3,6.35006328454,4,9.9613341857,5,6.54295451758,6,3.41826848401,7,9.6959595274,8,9.97053301162,9,9.05446386974,10,8.28936098632,11,4.73250943336,12,9.76020961207,13,4.97780248193,14,6.89059342041,15,1.44657145538,
0,5.27080146237,1,6.71873455237,2,6.73767609427,3,8.54504723389,4,9.41228917937,5,9.32386589079,6,6.4028245487,8,6.23034647338,10,9.87208812125,11,7.31728420267,12,6.65124679468,13,7.13406407771,
0,9.12595915249,1,9.66068623704,2,9.17980683395,4,9.48753193602,6,0.005,7,9.38166285522,9,7.6034483831,
13,0.005,
11,0.005,
0,9.7641745088,1,9.80630255025,2,7.15035388033,3,9.61932339443,4,6.94145297414,5,7.69849047386,6,9.82590128533,7,9.91671158339,8,8.60494399301,9,8.81356437149,10,4.31920720857,11,9.57894081935,12,9.7112520055,13,9.76023355369,14,6.24932166178,15,7.92740450946,
11,0.005,
9,0.005,
9,0.005,
0,8.81399254954,2,9.68518246853,6,0.005,8,9.71333937301,
15,0.005,
13,0.005,
0,9.93501202539,1,0.0800831525755,2,9.93950673056,3,9.95577797123,4,9.97518607932,5,9.98694658767,6,9.63332209293,7,9.62155304349,8,9.96772326745,9,9.23647831787,10,9.91705819382,11,9.938994972,12,9.8844777563,13,9.74240374016,14,9.85101088516,15,9.11011450754,
0,5.93284970517,1,8.65424398131,2,4.93514502693,3,3.63974643179,4,8.9461361062,6,0.936020384967,8,8.59159859856,9,9.09265296001,10,6.99058107073,12,9.05684157768,
10,0.005,
0,8.13788834562,2,5.1311782329,4,9.63115899797,5,7.6279423318,6,0.005,8,8.67560751098,11,8.77546934632,12,8.98323026545,13,9.94886053997,
14,0.005,
0,0.307573304929,1,2.07237937105,2,7.300860406,3,9.26332500764,4,2.21045481227,5,4.63583523036,6,6.93924439027,7,8.63582546802,8,9.36487183728,9,0.884702779897,10,7.78310579977,11,8.7401740039,12,2.61642619426,13,1.36171053872,15,8.34226692291,
15,0.005,
12,0.005,
0,8.57060889072,3,0.005,
11,0.005,
0,9.99203063945,1,5.08174433876,2,1.94435241376,3,9.91154071527,4,9.99652097881,5,9.75882491841,6,9.89290848991,7,9.86059931062,8,9.92880971104,9,9.90036136573,10,9.98443836255,11,9.83533959141,12,9.9800016083,13,9.99802264925,14,9.7251201615,15,5.75167945139,
5,0.005,
6,0.005,
0,9.9919231359,1,9.96632552568,2,6.67690472212,3,9.97907481888,4,0.176824871964,5,9.97852340913,6,0.171887858981,7,9.8878577473,8,9.99802905356,9,9.98367317923,10,9.98334305694,11,9.97453625479,12,9.98875264933,13,5.69431256905,14,2.54647582183,15,9.99960643952,
0,9.61007774445,1,9.84659131488,2,1.99054565541,3,8.85916354772,4,9.83357149189,5,9.71214420149,6,2.75854061288,8,9.67023606528,9,9.64687806912,10,9.20470847648,12,8.21412657892,13,8.70538433237,14,8.78213116374,
0,8.61554927677,1,4.98611949834,2,9.26293843866,3,9.06819769487,4,9.83237592106,5,9.23229959228,7,5.98505179978,8,1.94170531234,9,9.27524670832,14,6.60489385479,
0,5.11827184785,1,9.34077305487,2,5.04135013629,3,9.89524770262,4,9.39883607521,5,8.56133586326,6,8.66721215851,7,7.17227053314,8,9.33813862256,9,5.87027403353,10,0.005,11,7.16042799857,12,9.23636977251,13,8.12068936543,
0,8.36224584741,1,8.29068540058,2,5.57282481795,4,6.59094336818,6,9.6339179174,7,9.16216923399,8,3.41988762245,9,6.33613829873,12,9.70583028421,13,8.85585415726,14,8.72732088535,15,7.53206362822,
0,2.71418440384,1,8.23732094949,2,2.90669176635,3,0.573330385322,4,9.18351707872,5,0.530243569097,6,4.23720188842,7,2.82685617371,8,2.92910809899,11,8.7234430933,13,4.08350106097,
0,3.78085141467,1,8.79923038236,3,9.98187326312,4,8.81400023042,5,7.33245058598,6,9.57835737199,7,6.15427453454,8,3.79153013377,9,9.27893173037,10,7.04572125675,11,9.88876149499,13,6.00242863546,14,6.34258246388,
0,9.97200880963,1,1.13456475305,2,9.87046283845,3,9.99114802199,4,9.99411074328,5,6.72097977262,6,9.87628245253,7,9.81108549941,8,9.99977472247,9,9.96685947586,10,9.88434217392,11,9.99595396913,12,9.85584429808,13,9.80636288619,14,6.02661224956,15,5.31528192468,
12,0.005,
0,3.54836350638,1,4.50424790028,2,6.52200121163,3,7.50813226947,4,6.0633940793,5,7.96344310556,6,8.06448988516,7,4.14222093775,8,6.27108275672,9,6.74310578296,10,9.6716789707,11,6.30187844591,12,0.145277720768,13,9.08304177762,14,6.75917653582,
5,0.005,10,3.78886639458,
4,8.61618345212,9,0.005,
11,0.005,
0,8.47208227558,1,3.28421907381,2,5.59246823054,3,9.87487421925,4,0.999958288934,5,7.48145254092,6,9.86127807422,7,4.65309072552,8,1.23547803675,9,6.6230106462,10,0.454182689052,11,9.83581820531,12,8.53791226688,13,9.53646316053,
0,9.94572520657,2,9.69419985425,3,5.647349831,4,6.21454256272,8,9.44417351253,9,5.56367507261,10,9.80264538617,13,9.46639238597,
7,0.005,
11,0.005,
5,0.005,
0,9.92788973039,1,9.87302823945,2,9.52451651206,3,3.16649883095,4,9.92629206985,5,9.80754896635,6,8.97848415567,7,9.47785572481,8,2.87816332248,9,8.98825032363,10,9.39190480942,11,8.8420720853,12,8.49911642191,13,2.47500281478,14,9.3904500768,
0,5.63790155907,2,9.16342941387,3,8.80414520397,4,9.83357950858,5,5.76919499062,6,9.74809001315,7,9.54516741442,9,0.005,13,9.00285994692,
15,0.005,
0,3.47350585187,1,9.86808054775,2,9.42230448019,3,8.83080571449,4,9.95827644504,5,6.65938381437,6,9.66119858567,7,8.30265686747,8,9.97935052388,9,3.11889160997,10,3.44371919868,11,5.49767349563,12,9.99545379723,13,2.6635506703,14,7.61259315628,15,7.03637469499,
0,3.74987091072,1,9.97881963776,2,8.18918991414,3,9.86074178401,4,5.26029362332,5,9.51051892028,6,1.35509172313,7,9.57424736455,8,9.88530128146,9,9.39511467728,10,9.9862871768,11,9.7351871635,12,6.3893796426,13,9.82665815432,14,9.90961893124,15,5.79614868219,
15,0.005,
0,8.08505337969,1,9.20839457991,5,8.659286485,10,9.92803908054,13,0.005,15,9.1662208856,
0,2.72900498963,1,9.42235958798,2,8.96243474582,3,9.36518742969,4,9.81679999639,5,4.67605388138,6,9.1502607603,7,6.48138765775,8,8.07640242841,9,8.77958253557,10,7.5866445893,11,9.67592184108,12,9.59289056551,13,9.26282790801,15,3.18552663821,
0,9.84217243616,1,3.45496186188,2,4.37163246807,3,9.5814582964,4,3.8381872666,5,9.45128830689,6,9.41630706077,8,9.647718414,10,9.07769489832,11,8.96970772075,12,8.16048870985,13,9.76025186735,14,9.92393648454,15,8.81625066981,
0,9.96535877867,1,5.38822219617,2,9.12560468292,3,9.84700916606,4,9.80667328939,5,3.43340265416,6,9.58960486905,7,0.616765543881,8,8.77548989042,9,9.42728753669,10,7.74990365274,11,9.12749534118,12,9.18018826111,13,9.69920320308,14,9.33302844825,
11,0.005,
0,0.313670006315,1,8.68301506633,2,0.528285139714,3,9.85074074907,4,9.47606261491,5,7.27297423732,6,8.03102728641,7,6.89061857249,8,1.73229906822,9,4.32048773077,10,9.17842390606,11,9.98108639753,12,3.03492036391,13,9.5450391398,14,9.54945624219,
14,0.005,
14,0.005,
7,0.005,
15,0.005,
5,0.005,10,7.06667349196,
6,0.005,
14,0.005,
0,9.72629697834,1,9.99240224862,2,9.99595126222,3,9.976606634,4,5.41255383484,5,9.95981245065,6,9.99615986936,7,9.97307801512,8,0.403982845571,9,9.99721147775,10,9.9986696204,11,9.9645998823,12,9.99716307633,13,9.97998476196,14,9.97447060277,15,9.89781333807,
5,0.005,
4,7.61983705117,10,0.005,
0,9.84851534198,1,4.88758500532,2,9.99635934013,3,9.74436899791,4,9.90788801928,5,8.34068177853,6,6.93357675822,7,9.23427834565,8,9.70330085127,9,9.31193541204,10,7.80784355525,11,9.6857692492,12,9.70170402013,14,9.92896086028,
0,9.52195684147,1,0.005,3,4.7352466002,4,2.66153143946,6,5.25917657802,7,9.19735960438,8,6.25606117243,11,6.24481683367,12,8.6985187755,13,8.79916800182,
0,0.0852725666946,1,9.52951750428,2,9.65534151945,3,8.68872473967,4,4.145022837,5,9.30955206988,6,9.34354270449,7,9.33638733237,8,0.776094929416,9,9.15044257806,10,8.78246668607,11,1.55639569265,12,8.34929648923,13,9.88939684579,14,6.88857533011,15,1.58590552824,
14,0.005,
10,0.005,
3,0.005,8,9.10435519029,
7,0.005,
0,9.2259721795,1,9.91948637195,2,2.14808248654,7,9.25825903533,9,5.8973752817,10,0.005,
0,9.96287968726,1,9.88474820922,2,3.18171007155,3,9.97107057708,4,9.97795813662,5,9.98290448541,6,9.98608186765,7,9.40348678924,8,9.96827326203,9,9.70081444715,10,9.95337758264,11,9.99824289987,12,3.94324955498,13,9.94714388076,14,7.81339326192,15,9.40939962786,
1,0.005,4,4.34713555197,9,6.35033196066,
0,8.26370966248,3,8.4799394194,12,0.005,
1,4.0326649894,10,7.5862601575,12,0.005,14,8.58489232647,
0,9.90039044727,1,2.09628523221,2,9.93784914631,3,9.35212000081,4,4.70011936902,6,9.92795183361,7,9.69100519837,8,4.84669879043,10,7.54904156607,11,9.55742019291,12,9.89138901124,13,9.65805024383,15,6.37820894286,
0,3.67428284248,1,8.99532981276,2,9.70647067043,3,7.02476331057,4,8.90428826277,5,8.81977708656,6,9.98405889345,8,9.83831430796,9,9.78287687421,10,7.0050023398,
1,7.08722299046,5,0.005,8,5.33567481118,
0,5.0375364575,1,9.08862326657,2,0.005,4,1.97920394957,5,7.391758061,9,7.41964998715,10,7.20525597229,11,7.00263354592,12,8.78100340641,13,8.92324825742,14,5.79553133505,
7,0.005,
0,9.63634671326,1,9.34706569667,2,9.78634952526,3,8.89527233185,4,7.78300918791,5,4.09517216403,6,9.14942046917,7,9.77070400006,8,2.49436849952,9,8.53223161867,10,9.81322584665,11,8.27466433482,12,9.13570161887,13,9.46274930681,14,8.18830128364,
0,9.7219110329,1,6.12393776589,2,2.09929429266,3,1.69006683182,4,0.806471492513,5,3.23714068859,6,9.95190260852,7,7.19272599661,8,1.8479440392,9,1.54321686017,10,0.355419917516,11,9.92031023188,12,3.13695346553,13,9.34879695013,14,9.94611270739,15,3.55457759301,
15,0.005,
6,0.005,9,7.09533009793,
0,4.47159175194,1,9.2839489554,2,9.99464202607,3,9.70665464713,4,9.32909402121,5,8.94381385672,6,9.21053037245,8,9.89878531761,9,9.9691747837,12,8.07951500977,13,8.89014729144,15,7.81355093276,
0,5.67294400921,1,5.27520291449,2,3.15528103903,3,4.87910674035,4,8.26751592001,5,8.65221873584,6,7.58898203823,8,7.95153283128,9,7.71242610508,10,9.89226571072,14,4.91603478197,
0,9.9276426464,1,9.75267244732,2,2.50143438956,3,5.13758032169,4,7.09672757601,5,9.94019965121,6,9.98458848157,7,9.83031951631,8,3.28366781148,9,9.74818383109,10,9.71063375837,11,8.85551235406,12,9.7441978965,13,9.84790788887,14,9.96429784382,15,7.79463179078,
0,5.60029081732,1,6.77572881549,2,4.79579294263,3,5.28753030938,4,6.49411281536,5,9.16768552922,6,9.49475287238,7,8.17571444935,8,2.33444426304,10,0.0686710488449,11,6.59014663291,12,7.61219462427,13,3.04973548665,14,0.752956630727,
0,9.98722532851,1,3.95767161757,2,9.89139456288,3,9.78360695329,4,3.18746167791,5,9.83522759426,6,6.29362882101,7,9.93293537022,8,9.81212340205,9,1.73744460426,10,9.50576627437,11,9.97399383576,12,4.9540213961,13,9.43103959576,14,9.3796651703,15,8.72516014792,
13,0.005,
0,7.79217068967,1,4.71779788467,4,9.12761461572,5,8.60182548173,10,6.12920295041,15,8.48826434467,
0,9.83309507351,11,0.005,
0,3.03075437693,1,9.95522750992,2,9.17939849481,4,8.23570494907,5,4.49477639472,6,8.25621730183,7,1.30755697607,9,9.46437443788,10,7.68862416473,12,6.3045200949,15,5.13433822387,
0,5.38998455807,1,6.76877080906,2,9.29373907314,3,9.92568601143,4,9.0475616387,5,9.94186298801,7,9.11306338288,8,9.42148997376,10,5.85066973964,12,6.5762209476,13,9.80014996759,
7,0.005,
13,0.005,
0,9.87835978408,1,9.58837615591,2,9.97800037994,3,9.86136684207,4,9.99509527831,5,5.70802753777,6,9.66909273602,7,9.69966360947,8,5.51247472964,9,9.94695762271,10,9.6861177835,11,8.81376856673,12,9.24117415656,13,9.59827247461,14,9.65016198364,15,9.36006250682,
15,0.005,
0,9.67394152465,1,1.32447022239,2,9.96057100451,3,9.73366896908,4,9.94195944159,5,9.73229527483,6,5.75672753667,7,9.27180565895,8,3.62486801642,9,9.49041971839,10,9.93293206405,12,8.61152323052,13,8.80655012408,14,9.7060758668,
0,7.42560019391,1,8.78584644205,2,9.57714743821,4,8.05832821498,6,8.56649340573,8,7.99436579815,9,5.50187271986,10,7.72119058911,11,8.57058349318,12,5.10196718726,14,9.8889969084,
0,9.99368604764,1,9.99712766329,2,9.9906856398,3,9.98845941608,4,9.97635491533,5,9.99887103017,6,9.95971385439,7,9.94305318613,8,1.85821602662,9,9.87903473008,10,9.96673728871,11,9.84029863275,12,9.98201941886,13,9.95909166796,14,9.99857459658,15,9.94231510595,
0,0.691900050922,1,1.91671241129,2,9.56169774002,3,3.57869865509,4,8.58188443113,5,6.01577767004,6,9.51185018121,7,9.27058510752,8,1.22978902132,9,9.38395633234,10,9.90416122901,12,9.73083034733,13,2.47823421494,14,7.3714289104,
0,9.74983839642,1,1.12807399029,2,4.75956447819,3,3.65667991767,4,0.491668322984,5,0.317930173161,6,9.9606582586,7,9.64334449445,8,9.99622964235,9,9.94817842748,10,9.86142010524,11,5.2448110494,12,8.2769630686,13,9.87885756245,14,6.12975657223,15,0.825248056963,
15,0.005,
6,0.005,
6,0.005,9,1.08213658652,
9,0.005,
0,9.98908329633,1,9.85030640997,2,9.99063006484,3,9.88371020282,4,2.79715348237,5,9.95549401213,6,9.65933383137,7,9.85284697208,8,2.19258105779,9,8.02671196375,10,6.70432479134,11,5.61424809145,12,9.73822074116,13,9.91787231365,14,9.93484671243,15,9.83136845741,
1,0.005,4,7.69760978157,5,2.01803005553,6,1.53264353453,8,9.19883174728,
0,4.49560204755,1,9.97928321665,2,9.9210324959,3,9.92672812655,4,9.9869425792,5,9.91958577214,6,0.025070041103,7,7.97728134282,8,9.96722405659,9,9.98751860257,10,9.81617322358,11,8.19827600028,12,9.80644790454,13,9.7627478117,14,9.65833657312,
15,0.005,
3,8.76033817598,12,0.005,
14,0.005,
13,0.005,
3,0.005,
14,0.005,
15,0.005,
10,0.005,
2,7.41878510526,5,0.005,
0,9.89353224863,1,5.01336961004,2,0.388864447341,3,6.37669556785,4,2.05425177913,5,9.35796883775,6,2.36803047943,7,0.0659129849727,8,5.06056979603,9,9.74375889128,10,2.68903711688,11,5.40186898435,12,4.7348946893,13,9.24558271647,14,8.40828427818,15,5.14330210812,
0,9.86309110462,1,9.16636022054,2,3.28408702804,3,9.9889110783,4,2.74955132825,5,9.49829636097,6,9.6206807082,7,9.99969841988,8,5.51919017575,9,6.97784268173,10,9.57447666863,11,2.76566162449,12,8.36055861715,13,9.42093117521,14,9.0972518768,15,9.57039394288,
6,0.005,
0,9.97877237706,1,2.19009309172,2,9.79005158425,3,9.57518749872,4,7.98408478665,5,9.98194904949,6,9.84002099604,7,9.57707231359,8,9.98376878741,9,9.91418820845,10,9.70090868424,11,9.84380799646,12,9.89963130259,13,9.98344003222,14,9.82014753023,15,6.18285034624,
0,4.41384956456,1,9.06900768265,2,8.9885530148,3,7.85047598326,4,9.86010510717,5,5.33969181678,6,4.06071845035,8,3.51425476042,9,9.87014115265,10,9.35992611568,12,0.005,13,8.34538175837,14,8.68896315893,
3,0.005,
7,0.005,
13,0.005,
0,5.4405299679,1,7.81234780071,2,3.90747949076,3,9.15632898269,6,7.96167317681,7,8.08941996485,8,0.005,9,9.36730457726,10,7.5904154421,
7,0.005,
14,0.005,
0,4.94253044749,1,9.54627312753,2,9.87397714436,3,8.36694146619,4,5.86615978017,5,2.03453620568,6,9.97602652559,7,9.23200569695,8,9.50003588429,9,9.81317091833,10,9.02072521147,11,7.76735979114,12,9.03138413567,13,7.38590460675,14,7.89621916018,
0,8.67889286547,1,3.09593557606,2,0.102240266463,3,0.104288120673,4,1.0685452574,5,7.71098598787,6,6.94237809425,7,9.9317177331,8,8.76729929814,9,8.45825626174,10,5.45540400886,11,9.6413123037,12,0.999904275553,13,8.82362471256,14,9.47368961816,15,7.97383077689,
14,0.005,
0,9.9329487123,1,9.82423128625,2,9.82958059098,3,9.53347790481,4,9.98589586358,5,9.26799504652,6,3.85289805693,7,9.7283798086,8,9.79402238058,9,9.82491085531,10,9.01983526712,11,9.755873448,12,9.78757720562,13,8.82003438438,14,9.10123356271,15,9.41473818749,
0,9.82994281602,1,9.88562645326,2,0.883542934202,3,9.99256587807,4,9.85303979507,5,9.9459572535,6,9.89234081409,7,9.83120303632,8,9.99782799505,9,1.63604744516,10,9.8758314042,11,9.10664503686,12,1.25680375184,13,9.76577897601,14,9.66998234484,15,5.13056288213,
0,9.84284339391,1,0.761696271656,2,9.8746528412,3,9.41698865182,4,2.56577081104,5,9.92837464291,6,9.87074112464,7,9.89943872785,8,9.95457518992,9,9.84554274828,10,9.84177836815,11,9.51668683022,12,9.23100273381,13,9.86280605854,14,1.27538393466,15,9.59029693076,
7,0.005,
0,3.01969717148,1,9.57038790628,2,9.95213537964,3,8.14614705381,4,9.78349901769,5,9.65115445029,6,8.90441214099,8,8.13084775296,9,7.90543864386,10,9.66983775618,11,5.26415936038,12,9.85093473916,13,6.3611788451,14,9.47070006033,15,8.15497687042,
0,9.98389725176,1,9.98788832654,2,6.2755580704,3,9.94971856219,4,9.99444566265,5,9.99061762419,6,9.94363255868,7,9.99671893847,8,9.98557285144,9,9.95670700394,10,1.31830327049,11,9.97329296958,12,1.06271899236,13,9.95521097353,14,9.9813870325,15,9.99627414038,
0,7.91922178909,1,9.76747518707,2,7.53140194738,3,8.20183151538,5,9.55874431917,8,9.54926908521,9,0.005,10,9.98156722146,12,8.58880263577,
0,6.25810595786,1,2.9119595625,2,6.85308276332,3,9.70241642133,4,8.41014665935,5,9.77843057137,6,8.69823075909,7,8.32007858181,8,2.58591667504,9,8.10225657053,10,2.6075325326,11,7.03436354995,12,9.30214673974,14,9.6613337593,15,9.07621491299,
14,0.005,
12,0.005,
2,4.10536120109,4,5.83855585713,5,8.24583745693,8,9.0506856344,12,8.37528430706,13,8.68018903492,
0,9.9453175165,12,0.005,
0,9.74129065608,1,9.22303841272,2,9.3468473018,3,5.85179338173,4,9.72262221565,6,6.9855703499,7,7.44551320293,8,2.66815558923,9,9.90934721559,10,9.85140629468,11,9.164204882,12,9.00125118135,14,3.68080889138,
