0,0
1,1
2,2
3,3
4,4
5,5
6,6
7,7
8,8
9,9
10,10
11,11
12,12
13,13
14,14
15,15

0,8.7910170451,1,9.6874594481,2,9.70390971341,3,1.02964679454,4,9.94495866528,5,9.29180578087,6,9.81606434232,7,9.34047938937,8,0.866930933722,9,5.70736194248,11,6.99988733107,12,7.38543750313,14,9.86079706654,
0,9.99072386929,1,9.98748126584,2,9.96120321231,3,6.07102492153,4,0.203518499225,5,9.80510226194,6,9.90540997311,7,9.74531851203,8,9.91109487975,9,9.91650521303,10,9.89623968903,11,9.8564028971,12,9.9958606479,13,9.84321773733,14,9.93946559263,15,9.89638573363,
0,0.141128121723,1,8.50353793245,2,3.18538617621,3,9.25740269962,4,9.4237755041,5,8.45861142918,6,9.8838988973,7,9.60763355185,8,4.10504499338,9,8.80123791351,10,9.95981991766,11,9.98195730692,12,9.60817936599,13,3.38671027505,14,9.33735199153,
0,3.91599914963,1,9.02575810747,2,9.84191700828,3,9.69350247782,4,9.48143131747,5,6.08889088614,6,9.81508295333,7,8.30408108374,8,9.9199774565,9,6.31309098594,10,6.15376287939,11,5.3636444362,12,9.69318099837,13,9.96920188643,
0,9.42488652736,1,8.95391958866,2,9.09885326777,3,8.55207035313,4,6.66398341928,6,9.6066283635,8,9.69730455059,9,7.36594716558,10,9.83500199422,12,0.005,
15,0.005,
0,6.43232713637,1,8.72730350161,2,0.005,3,8.97971460388,4,8.01830866325,6,6.5337301862,8,7.06481752526,9,9.29492745861,12,9.9633681577,13,9.83020505202,
9,0.005,
0,1.28379393105,1,8.86376284644,2,3.0505348393,4,3.6620303717,5,6.23111191743,6,9.05318887352,7,5.67651160007,8,6.70298524451,9,8.59014657876,10,7.06122220609,11,9.5936200872,12,9.38558711112,13,9.87436716779,14,5.68090182608,
0,7.82663512429,1,9.94652032188,2,2.56019711639,3,3.53206467318,4,9.76419496068,5,9.71709495909,6,9.96584051985,7,9.27633401769,8,9.96731448197,9,9.92080724393,10,9.25920377454,11,9.37470467249,12,9.22908651317,13,9.49810086632,14,9.95836536209,15,9.99212570937,
3,0.005,
0,1.37029767338,1,2.50412187443,2,9.98202165622,3,9.70844455527,4,9.93502653942,5,9.96321144667,6,7.84620151654,7,9.3437896274,8,9.91687683698,9,1.22524512477,10,6.44438281574,11,9.52946928025,13,8.23686196591,14,7.93974275932,
0,8.76981782028,1,3.27394634936,2,7.53976397335,3,1.57931674637,4,6.06232649773,5,8.58309657744,6,5.50470570228,8,9.64786263819,9,2.33007810364,10,9.9020517678,11,0.213152962612,12,6.42558097219,13,9.45238369228,
0,3.34217602054,2,9.71063845536,3,9.13565988029,4,3.79303197314,5,1.9869955698,6,9.20353426549,7,5.63875901922,9,4.78439053657,12,3.65185261251,13,9.79661624165,
0,3.1767260182,1,8.07107894856,2,1.57440337921,4,5.10881867686,5,0.567602725026,6,9.14634291701,7,1.20596792278,8,1.21179306137,9,3.0557022293,11,9.03827603591,12,6.28175952965,13,1.56560694986,14,5.4766670411,
11,0.005,
0,6.22091003686,1,8.81850880986,2,4.18360035098,3,0.352520738666,4,9.90866946878,5,9.64459316012,6,9.77732083792,7,9.18786801043,8,9.45973350274,9,9.82630595159,10,8.76619446591,11,9.79196580236,12,9.6836596067,13,8.55535477686,14,7.92793456194,15,7.32406720943,
0,6.33213577876,1,8.87924447808,2,9.66531729133,3,8.74232815536,4,1.56678938032,5,9.8770711227,6,1.83371905112,7,3.2170834063,8,9.88467734203,9,5.28676825376,10,8.7062510893,12,8.55587491226,13,9.44802131926,14,8.50848023111,15,9.38953490234,
13,0.005,
6,8.42783114043,9,0.005,
1,5.02005153245,5,9.8772002683,7,6.38546957053,8,9.02087913058,14,2.88286246139,
0,1.27419503005,1,9.98493330898,2,9.34828270571,3,6.70557354407,4,9.70181935774,5,9.5213140463,6,6.39629783206,7,6.14410614485,8,9.4879059278,9,9.60521684165,10,9.34364588696,11,3.31001280527,12,9.92879446895,13,3.0043763855,14,8.73075771809,15,5.21270206221,
15,0.005,
0,4.25432847753,1,7.2921065247,2,8.76528066338,3,9.63503466897,4,9.07108318649,6,8.70403413713,7,7.68322041458,8,9.35487313396,9,7.82049973349,10,9.86917872338,12,5.93389931559,15,6.32179723847,
0,9.98845664401,1,9.92164001063,2,5.07529291122,3,9.92887124582,4,1.17436861162,5,8.53222201767,6,7.55855355488,7,9.89799226568,8,7.77291459998,9,9.56210194814,10,9.8941373608,11,9.82093927789,12,9.58569368691,13,9.70009755875,14,9.85423144967,15,7.29679757277,
15,0.005,
0,9.92439158743,1,0.977148485068,2,3.64939513405,3,0.91487727478,4,9.81829464242,5,9.71613680992,6,3.72687951293,7,9.14558735455,8,9.23407652922,9,2.01399557448,10,3.2042596702,11,7.47352987679,12,9.11108619049,13,3.33327520957,14,2.51111150374,
0,1.30629123982,1,9.77944682755,2,0.922848519111,3,0.182484602996,4,7.87831060497,5,0.0478743842926,6,6.38437416734,7,1.7621788348,8,3.30948804212,9,9.95269904608,10,9.83486606164,11,7.95666980314,12,9.38276173796,13,5.67815015938,14,9.35794017974,
0,8.80492545216,1,8.53644658298,3,8.88888387995,4,4.72128134709,5,5.20608638077,6,9.92514164379,7,2.0413289703,8,3.44533350573,9,6.21959093391,10,9.66095190698,11,9.47428433898,12,2.72151477093,15,8.62880483857,
0,9.81453181163,2,9.9968204098,4,8.52438540216,5,8.95111832089,8,5.59104518981,9,9.15289453724,10,2.29199653822,11,5.57575104288,12,1.60957345257,
15,0.005,
4,8.10688553521,8,8.91112658934,9,0.005,12,9.49319910479,
0,1.43498885085,1,1.88171070714,2,7.67475769738,3,9.54476922834,4,2.68377386884,5,9.97778756233,6,9.84513614815,7,8.66358023014,8,7.50778486704,9,4.64047439486,10,5.93579035373,12,8.69691277475,13,1.89455764836,
1,7.27524620487,2,0.005,5,0.414102939601,
0,1.23218792437,1,0.443201595279,2,5.52807635007,3,7.07185730641,4,8.13598714292,5,2.31893845953,6,5.27630038236,7,8.20187342749,8,9.78261381472,9,4.82473350971,10,1.28520228386,11,7.584633955,12,6.52204949055,13,6.38365600432,
0,1.69334737907,1,7.78768720345,2,9.9990396246,3,9.96821002673,4,9.53825312439,5,8.24007672198,6,5.32832851748,7,9.66741735747,8,9.8610922703,9,2.18249456959,10,2.63951040081,12,5.25125491858,13,4.6461006403,
0,9.84230490956,1,3.16145671872,2,9.84001910775,3,9.34952884873,4,9.48908761612,5,4.62904626229,6,9.82804684662,7,8.1717801108,8,9.50583526154,9,8.97657277618,10,6.02777311111,11,9.9388606856,12,8.46051110754,14,9.70925786132,15,8.79835876178,
0,3.25060063863,1,6.87079643488,2,9.6940512541,3,3.89914916282,4,9.55194372455,5,7.27394061938,6,4.26663893851,7,6.77164118508,8,9.7466561343,9,7.29447746768,10,7.24318574262,11,7.33018881588,12,5.06928776303,13,6.06480582147,14,7.72584361635,
11,0.005,
0,5.62480234375,1,9.6254706527,2,0.005,4,7.85532723213,5,8.49162054673,6,7.26250519218,11,4.20236409489,13,7.22270705326,
0,5.75985483163,1,9.85299997843,3,9.99536309564,4,7.8133085712,6,5.80042388829,7,9.48636762846,9,7.15997496421,14,7.55523000053,
0,0.252810107123,1,8.67664030664,2,9.65823512781,3,8.19706435917,4,1.56443983184,5,8.78735147893,6,9.49035489919,7,9.66359231165,8,2.54430021174,9,5.89467573029,10,9.59843671471,11,7.46669523616,12,9.48474847825,13,5.17087724136,14,2.00022172624,
0,9.51257713096,1,9.71603466065,2,5.9034109883,4,9.92903226743,8,9.82772954633,12,8.8564761613,14,8.90220962524,
0,9.18677229803,1,1.37338499323,2,5.54857416276,3,1.63719802042,4,3.59074532012,5,9.20685463998,6,6.3705210838,7,7.03790827273,8,2.57084542748,9,1.49153744804,10,8.83883924404,11,9.24129051345,12,2.59986486526,13,9.81462750191,14,0.26172748,15,5.81484229453,
0,1.67460657443,1,7.90713336449,2,5.13063128035,3,4.61219480908,4,9.15112262598,5,9.75770093924,6,8.86811098502,7,4.73821951794,8,7.99469287385,9,3.35097737279,10,4.75992908712,11,9.80721126514,15,5.00451104412,
0,5.16664587631,2,9.18670020522,3,6.97884117373,4,7.73063484853,5,9.38446485869,6,0.005,7,6.36057574022,8,5.95962914769,9,7.40654135488,12,9.4477162435,
4,4.53107885105,8,9.9087530389,11,0.005,12,7.22729210726,
0,7.59980907831,1,9.61499105032,2,9.69633415875,3,9.08892539625,4,5.64230999077,5,4.09975914508,6,7.88467211123,7,9.21417496048,8,9.47585232414,9,9.91657946105,10,9.97253604034,11,8.91728669765,12,7.90480529873,13,8.55996662215,14,6.4347818918,15,9.2120457458,
0,5.64968225814,1,5.42680308377,2,8.49333082193,3,9.74769156507,5,9.11085183895,7,9.1845215985,10,3.58874826638,11,9.95264881105,12,9.59644135979,13,6.7249411142,
2,0.005,3,8.7719904634,
0,9.99453618215,1,9.97995122363,2,0.115189473549,3,9.97665520317,4,7.19072223674,5,8.30014084329,6,9.98932099271,7,9.90336953848,8,0.847501429922,9,9.82788501501,10,5.80882645073,11,9.99037384165,12,9.97651051021,13,9.98153792449,14,9.97092997884,15,9.45505885616,
12,0.005,
10,0.005,
11,0.005,
6,0.005,
15,0.005,
0,0.592882024641,1,9.84192578628,2,9.92924316045,3,9.88097494201,4,9.91900042391,5,9.53199761912,6,9.98354471797,7,9.99061458758,8,9.8642747958,9,9.85969563338,10,9.07284990535,11,8.22042212983,12,2.3176770177,13,9.13037957969,14,8.31106986679,
13,0.005,
15,0.005,
14,0.005,
15,0.005,
0,8.25272669806,2,8.43278892024,4,9.74444101336,9,8.88527640685,12,8.91678221737,14,9.54543764322,
0,0.30995907548,1,9.73902089768,2,8.26189144872,3,9.47304349927,4,9.72047768972,5,1.01201965753,6,9.84109676294,7,8.75032470433,8,9.88637545038,9,3.88868954178,10,9.76550775085,11,9.24789157487,12,9.70305048133,13,5.52968830714,14,1.52790453062,
0,9.64030113039,1,9.13384642652,2,0.966663935597,3,9.57492436626,4,8.47273103059,5,8.93552217248,8,9.79376248773,9,9.57117446374,10,8.56348240661,12,9.41925252838,
15,0.005,
15,0.005,
0,9.77600891845,1,7.16625515758,2,1.04149989641,3,4.37734014454,4,0.33041776572,5,3.64965445631,6,9.65646015712,7,2.35679148308,8,9.21746154903,9,2.92533984933,10,8.58257425945,11,9.00057655795,12,3.90592369832,13,0.782269752977,14,9.92024514174,15,9.20426003625,
0,8.36745219729,1,8.61866912203,2,3.04038488471,3,7.55739871194,4,9.63457156765,5,9.84343841041,6,9.06230555981,8,9.67555111045,9,6.03943231925,10,9.69015907099,11,8.12642981186,12,9.95180764867,13,5.63262791589,15,9.88643526278,
3,3.47252902081,12,0.005,
0,9.69202659441,1,9.48316513926,2,2.03803219704,3,9.86557420403,4,5.56822110509,5,9.16155436706,6,9.372969143,7,8.92322406358,8,8.26877075253,9,9.79639699508,10,1.85062943783,11,9.67318461314,12,9.88406193722,13,7.95737689842,14,4.73492586992,15,9.73018947038,
0,9.98877087064,1,1.6142838812,2,9.89316419988,3,8.85980655135,4,9.92073612907,5,9.98975344019,6,9.96782945456,7,9.88803841507,8,0.195322756865,9,9.94249458595,10,9.94301912256,11,9.96229973672,12,9.86149292369,13,9.74654294043,14,9.83048678325,15,9.48884325535,
13,0.005,
0,0.499446622569,1,9.3241826169,2,9.90825367952,3,1.25960085096,4,6.18923570567,5,5.01458231074,6,6.5665915878,7,9.89321570455,8,4.06691076019,9,9.98187577405,10,9.69749058573,11,2.22615948765,12,7.39479673359,13,5.58347208122,14,8.78902887109,
7,0.005,
0,5.42198893831,1,3.56618650045,2,8.68208725352,3,8.68306439848,4,8.56529723888,5,8.02965384861,6,9.02069198861,7,8.58729934096,8,8.9140966206,9,8.36033416021,10,7.6125817082,11,9.45883221731,12,9.58728139565,13,9.46478777468,14,9.87521785333,15,6.67466017448,
0,8.90216215114,5,9.43396333238,10,0.005,
0,0.331927109893,1,9.89810030923,2,9.98486470637,3,9.95583505324,4,1.40643015922,5,9.70526306864,6,9.63676782713,7,9.3614231688,8,9.84427220859,9,0.423024403043,10,9.64185755099,11,7.41300244702,12,9.81921327297,13,9.67576232619,14,9.97543114576,
14,0.005,
10,0.005,
2,7.75640128014,4,8.60952053783,10,0.005,
6,0.005,
11,0.005,
0,9.53386719796,2,4.35116661988,4,9.57057810146,5,5.25371007241,
9,0.005,
0,8.27413664139,3,9.16715262208,4,9.16249107747,6,9.72087659545,7,2.75368338303,8,1.47478041434,14,8.40288313231,
0,6.59661363528,1,9.87784905557,2,9.72000950961,3,1.97639659006,4,0.889219541521,5,2.32550985305,6,0.364740605013,7,8.44032259998,8,2.91101832779,9,0.790374135235,10,5.79498823524,11,7.76062300468,12,4.86896191585,13,2.76460967464,14,1.64639122259,15,3.80856280508,
11,0.005,
0,9.64244787118,1,9.8980955081,2,9.77486348736,3,8.880880283,4,4.68105611748,5,8.44873296863,6,6.11101622565,7,0.317759821633,8,3.73278445004,9,4.21923498554,10,8.44139994934,11,8.9954111155,12,2.97335778852,13,5.62569230858,14,4.28006312412,
0,3.07891311257,1,5.80699290815,2,9.22207102114,3,5.12361370337,4,9.42384937192,5,9.06719214587,6,9.97597618059,8,4.04141324067,9,3.46871087583,10,9.6482735175,11,7.21712883542,12,9.97292875764,13,9.81293896366,14,4.90215441042,
0,5.52950628113,1,9.47164586884,2,8.80396258976,3,6.80309317531,4,9.18776810153,6,9.97092570505,8,7.24608148003,9,0.005,10,9.47891333948,11,9.48518974449,14,8.02775527905,
0,9.99738257349,1,9.93923844288,2,9.96785765819,3,2.52951401551,4,0.627711575371,5,9.98830869959,6,9.91236994657,7,9.98387742783,8,9.91795056011,9,9.93123897406,10,0.171585661126,11,9.00350561567,12,9.90780039672,13,9.69571772334,14,9.99945747431,15,9.55317490029,
0,9.91548183169,1,9.98620489335,2,9.72656165233,3,9.89532637236,4,2.50524334269,5,9.84584689681,6,9.91818400933,7,9.0317156042,8,9.9823425377,9,9.9805435988,10,9.8380850634,11,9.96998877466,12,9.63402833309,13,9.986966131,14,9.77379856715,15,9.95656980082,
0,0.934673628222,1,9.81568437905,2,8.99893836675,3,3.67890395835,4,9.44615739902,5,9.55119224459,6,6.16090407376,7,4.66198868373,8,9.29362568929,9,3.44184016786,10,9.76835139576,11,3.68214091789,12,3.66892808895,13,6.20112956618,15,3.94418936493,
13,0.005,
0,9.18064794373,1,9.95775606793,2,2.10752910018,3,9.25896130935,4,9.95540326254,5,3.61242265295,6,8.26685545336,7,9.29589867928,8,9.52241960512,9,8.55846871046,10,9.78978759344,11,9.87546032815,12,8.59691626064,13,2.5526738799,14,8.22133435678,15,8.126008075,
0,3.97282472739,1,9.76961421661,2,9.75021324415,3,4.56843742853,4,9.04760606303,7,6.75019555958,8,9.74381771647,9,4.92154456426,11,6.74237615437,12,8.69038417845,13,6.14019961131,14,4.17696625972,15,6.04292634376,
0,9.7720287116,1,3.01180306653,2,3.41611498203,3,3.81102747919,4,9.95827957139,5,0.0641113237516,6,9.95119733515,7,9.74785436196,8,7.33939289014,9,9.96401471409,10,9.9690793974,11,7.3568405393,12,6.24210598784,13,9.72961463155,14,8.93586576935,15,4.75945736442,
0,9.06727335045,1,7.28171329048,2,4.1829208021,4,9.25419135655,5,8.85413194996,6,9.2900177425,7,9.74369148304,8,9.51358642923,10,7.26965595847,11,7.16876306029,12,7.76332861839,13,6.5071955972,15,9.98151342866,
14,0.005,
0,9.97235605345,1,9.9904414285,2,0.331499636615,3,9.8798837948,4,9.99364527438,5,9.96038672092,6,9.92727152533,7,9.79627762364,8,9.99985284743,9,9.79680596096,10,9.98346891919,11,9.97146971543,12,6.86096220523,13,3.71269064999,14,9.97698620427,15,9.89174793926,
11,0.005,
7,0.005,
15,0.005,
14,0.005,
0,9.84587274808,1,3.6798444604,2,1.71610644196,3,5.4876008337,4,9.55568633322,5,9.92349412038,6,9.67467476015,7,4.97180907386,8,9.9703322351,9,9.59907216272,10,4.13891788543,12,9.69913423751,13,9.15879226485,14,9.15056535879,
2,9.63207785437,9,0.005,
1,8.15967675803,4,9.14954048517,5,0.005,6,8.88643241608,8,6.55801746919,12,9.35010086776,
7,0.005,
0,9.97010770221,1,9.93351768322,2,1.30665271164,3,4.89140415363,4,9.99870595671,5,6.02311553817,6,9.98796718676,7,9.99036547502,8,0.75063080237,9,9.9861970667,10,9.9758377185,11,9.85656163117,12,9.91977818543,13,9.85514629144,14,9.99360900543,15,5.48715446093,
0,9.95535601421,1,7.54555311846,2,0.519127164852,3,9.22953514151,4,8.30712985264,5,7.23120036472,6,4.74688684104,7,5.09137051255,8,1.3218803139,9,4.62207002794,10,9.15698973106,11,9.37879872458,12,1.12290811521,13,5.33989939927,14,5.17141200694,15,8.80232369869,
7,0.005,
5,0.005,
15,0.005,
0,9.87603386175,1,9.94326761939,2,9.92512420669,3,6.86540411208,4,3.09705691734,5,9.86241376439,6,9.64022121764,7,9.96940646912,8,9.87715493136,9,9.99685708253,10,9.7469866919,11,9.92547202754,12,9.81808603841,13,9.78552040572,14,9.37415984347,15,6.64950895696,
7,0.005,
0,9.13976466772,1,9.82185574151,2,4.99841836859,3,8.21983474199,4,2.8119551581,7,6.19877858169,9,5.61392991741,12,9.6522146699,
7,0.005,
0,0.145766640872,1,9.87681881553,2,2.17032782508,3,8.91238920225,4,4.6725229908,5,1.44708875332,6,9.72551161345,7,7.3913539544,8,7.18451926245,9,2.45418806792,10,1.49615280331,12,9.95437669288,13,0.607312824111,14,0.005,
15,0.005,
15,0.005,
7,0.005,
13,0.005,
0,9.86013301678,2,3.65037614014,4,7.28694342295,5,3.73260925686,7,4.96887855263,8,9.15794924314,9,7.54014398547,10,9.66651776694,13,0.005,14,9.68742483748,
0,9.9140534371,1,9.97266580973,2,1.13111844886,3,9.98672951992,4,9.92558447983,5,9.96160139913,6,9.86220882715,7,9.57806863441,8,9.94426999554,9,9.99380476775,10,9.86295928196,11,9.86413765286,12,9.96836445595,13,9.79928346717,14,5.01806646208,15,9.7633215689,
0,9.88738427025,1,0.490568299767,2,1.85387979337,3,9.98759066996,4,9.98960319664,5,9.87989149499,6,8.81242603071,7,9.70176695007,8,5.17607091177,9,9.42982703598,10,9.57946082778,11,9.95971916661,12,9.87825907162,13,9.43786773569,14,9.90358345955,15,8.35913169104,
0,7.50459117854,1,7.05822195268,2,9.2534077808,3,9.55475619713,4,0.005,5,7.40032118923,7,8.36350629911,8,9.36648824628,9,9.6332727416,10,8.70101972344,11,8.39539832801,
7,0.005,
0,0.55092205789,1,4.22801701342,2,4.0313729286,3,4.5805329394,4,5.5108038069,5,8.19407763522,6,9.54025611528,7,8.52332049273,8,9.54623578994,9,7.99519030222,10,7.2475347503,11,5.4003754921,12,2.00640480734,13,7.07614902716,14,9.91512606084,15,7.27137154647,
10,0.005,
1,5.28011010559,4,3.2257374913,5,8.73701345474,6,4.95952937992,7,7.80395976662,8,4.16113858283,10,3.75241319442,11,0.005,12,9.28252715863,
0,7.1059085157,3,9.13563538029,4,9.35329913105,5,9.45308979885,6,0.005,7,7.87943635437,8,8.9328182467,9,5.66140732824,10,9.76114623671,
9,0.005,
0,9.95192100576,1,9.95167486775,2,2.44887292623,3,3.80433423615,4,8.65952295148,5,9.97221113914,6,9.75184823151,7,9.32480426633,8,3.00649214975,9,9.93951951009,10,9.92853068513,11,9.72037084704,12,9.82145236747,13,9.33081971596,14,9.33179141844,15,9.41130015353,
0,8.2964937508,1,9.99844127538,2,9.90796700678,3,9.99055874248,4,9.98632415665,5,2.90269727023,6,6.84408726555,7,7.80769249235,8,1.56644345685,9,9.68549663241,10,9.96625835713,11,9.98751590562,12,9.96144960931,13,9.43989349273,14,9.99699312045,15,9.95167536747,
3,0.005,
0,8.6928307465,1,9.29459725859,2,9.82621653037,3,9.27377894692,4,7.43167415484,5,9.35605004368,8,9.29405218089,9,9.78138443456,11,0.005,
0,5.69050465279,1,5.86507843258,2,9.67595462496,3,8.71264182666,4,6.97828182448,5,9.80497865147,6,7.50642363588,7,3.47364029884,8,8.14321682392,10,7.44776086368,11,8.56854100332,12,9.25843749456,
0,0.862385163733,1,2.94155578213,2,9.29156743321,3,3.58413914389,4,2.29446699134,5,1.57963229363,6,4.22220221114,7,2.59089492002,8,8.70362127861,9,4.55355751046,10,3.10012395055,12,4.51970076722,13,2.75137398862,14,3.19938625414,
15,0.005,
0,3.64288128301,1,9.97062699575,2,7.98118333174,3,9.46367812904,4,5.44638103456,5,9.63647348478,6,9.1990698674,7,9.74600752142,8,8.73148722034,9,9.99551563381,10,1.58805371785,11,9.67800060812,12,8.90513133947,13,9.69819965091,14,9.94929590798,15,2.89784242063,
10,0.005,
0,9.99293002876,1,9.99648678518,2,0.0738050185924,3,9.99130220073,4,9.99999862247,5,9.9925614726,6,6.12616145367,7,9.99976738777,8,9.99994168905,9,6.94102788275,10,9.99873108071,11,9.99856031077,12,9.99984376534,13,6.96046102638,14,9.99419072139,15,5.567233498,
1,9.13125018376,14,0.005,
0,9.61701647653,2,2.86107763586,3,9.62253642559,4,6.31528683974,5,5.9221876306,6,6.82265918306,8,7.71919577632,9,7.22002336675,10,9.67827755549,11,9.32567388585,12,8.92556354281,14,7.91934523268,
0,3.00248724731,1,9.49922670095,2,9.94374791606,3,9.56658864448,4,9.89325224964,5,8.37846355548,7,9.64106259712,8,9.69112686555,9,9.60030761202,10,4.87368015047,11,9.98754935493,12,8.52015405039,13,6.69195462442,14,9.17444097099,
0,8.90160161348,14,0.005,
0,9.91285802843,1,9.20953073651,2,9.88384955278,3,6.37486784978,4,9.94548192992,5,9.94981240776,6,9.90517291176,7,9.69295812764,8,9.98616238896,9,9.74200057728,10,9.826163689,11,9.99405545856,12,0.285630777529,13,9.38368486568,14,9.56931558166,
7,0.005,
11,0.005,
0,4.27449958226,1,9.69857352082,2,9.86634965264,3,6.10568473826,4,9.54285607013,5,9.38220584892,6,8.59677997169,7,8.54400897724,8,9.78480040119,9,8.91626297162,10,9.96876604523,12,7.7259411973,13,5.14929361796,
0,0.455156239307,1,9.45664387932,2,6.38384656912,3,9.2497234842,4,6.81165948396,5,6.446215824,6,2.09681892734,7,9.93483039043,8,9.69319565238,9,0.610499138258,10,9.98518031844,11,7.09020764114,12,2.03305513322,13,7.9181268441,14,5.57849985702,
2,9.87122426145,5,0.005,8,8.1241701311,
0,0.455271005788,1,0.539563651779,2,2.37180866555,3,8.00596105982,4,0.416080649781,5,7.96916569719,6,3.26035992477,7,4.33109377938,8,7.05585282394,9,8.88184440568,10,6.32289513845,11,7.73797668242,12,8.51886798122,13,9.28620207149,14,7.95039455869,15,8.70021221998,
5,0.005,
11,0.005,
0,9.35758218093,1,9.9793569771,2,9.95404793065,11,0.005,
0,2.12965014148,1,9.11369784386,2,2.71957439475,3,9.72172880786,4,9.3447030915,5,7.75968210309,6,9.06619260194,7,4.97793053687,8,3.05687133936,9,9.40920972521,11,3.30611719054,12,7.68784115851,13,5.13247225962,14,8.96969722477,
0,4.79081036954,1,8.65940526579,2,4.16436864926,3,0.212245427276,4,9.98872579888,5,7.18633891517,6,9.52190243281,7,9.50649585869,8,4.99057173465,9,9.35038898391,10,9.7776781926,11,9.70104442142,12,0.729958803428,13,5.93220640103,14,9.06010301294,15,7.04983817384,
0,0.78467751991,1,4.66371455781,2,4.59078536918,3,9.99407617078,4,9.42501342771,5,8.77336478349,6,8.48390562444,7,8.78028200831,8,0.778373623962,9,9.92853582135,10,6.63396637106,11,9.34827731786,12,9.14001896522,13,7.96350246265,14,9.83492988084,
11,0.005,
0,7.6591609934,1,3.47644199662,2,0.0731609635148,3,6.06000093522,4,1.44358655489,5,9.96960144808,6,9.13768385494,7,0.301019318104,8,9.9135095524,9,2.61155368437,10,3.45393992653,11,6.49228505109,12,9.1630528007,13,1.40697070957,14,9.85681255122,15,3.73971752761,
0,9.33936114496,1,9.88209384539,2,9.79232030242,3,5.68338113812,4,9.99587368085,5,9.89549051705,6,9.90886547137,7,9.40058999059,8,9.71975666912,9,8.58629960738,10,2.72466848932,11,5.24248872414,12,5.96029595714,13,9.9148045565,14,9.77853217469,15,9.94321474266,
0,3.12772867365,1,7.38016597895,2,9.63752363991,3,9.52799105128,4,9.6548472146,5,6.31392636756,6,7.63902389078,7,7.93840820515,8,9.74735720674,9,9.73389164782,10,4.04087267786,11,7.94600716434,12,9.12372934858,14,8.84983956197,
14,0.005,
11,0.005,
0,9.64786636848,1,9.60983619315,2,6.40462987187,3,8.50676540178,4,3.74194650894,5,9.35591027925,8,9.06653993781,9,7.80006834554,10,9.31827571995,11,9.17726094202,12,9.29922911642,13,9.96717441069,14,9.8750919287,
7,0.005,
5,6.86139847094,8,5.77672685556,10,0.005,
0,8.53701337738,1,9.98619200538,2,9.99705241461,3,6.04893305001,4,9.95144557935,5,9.96848060082,6,0.374696131347,7,9.93737695196,8,8.62899901657,9,9.92243993314,10,9.85430064946,11,9.70108508647,12,9.99278011536,13,9.90065897528,14,9.88354215555,15,6.45990764431,
0,6.17487304219,1,9.32904449438,2,9.60925287319,3,9.34207344455,4,9.99751018388,5,9.07576157422,8,8.55783650171,9,9.10663020722,10,7.73265759198,11,7.47099396272,12,6.17650465528,
0,9.97516951572,1,3.64176012558,2,9.89833403682,3,9.37498417736,4,1.40070027265,5,9.93907952587,6,0.296024592517,7,9.92425984103,8,6.6271098448,9,9.99866773213,10,9.95825606108,11,8.86729962065,12,9.98128560975,13,9.82647682927,14,9.60606926677,15,9.74939700935,
7,0.005,
11,0.005,
14,0.005,
0,9.89062754482,1,1.56877105085,2,9.70055519824,3,9.82234895341,4,8.39929992071,5,9.69367921792,6,9.74776219223,7,9.99983616566,8,9.99907312241,9,9.36555544439,10,9.40353220352,11,9.99621472721,12,9.89499992457,13,9.94167289627,14,9.96079965733,15,9.95923035903,
11,0.005,
14,0.005,
13,0.005,
0,1.55933393598,1,4.3706973134,2,1.04530493631,3,8.42931093139,4,7.31886886965,5,7.84666462606,6,2.60802474684,7,9.63436139626,8,2.04153835719,9,0.440305867295,10,8.1751429237,11,9.92481829461,12,5.19273316766,13,2.79244038369,14,0.0364169405451,15,8.36930392614,
0,2.93502535643,1,9.39245514436,2,9.95853009762,3,9.96240762054,4,4.24360024351,5,9.60667396715,6,0.424393143705,7,8.8519550844,8,9.17730763518,9,8.36013502802,10,9.8571764966,11,9.66949749005,12,9.93039325413,13,9.20913003054,14,9.28740850889,15,9.50913505762,
0,2.34355054482,1,6.33310742881,2,9.84685385508,3,8.67618615876,4,9.13636153194,5,9.82133413196,6,9.20679711256,7,5.18963662133,8,9.88364231821,9,9.93801606157,10,9.92086390191,11,9.59800813286,12,9.91208353325,13,9.96608206798,
0,7.45351312287,1,9.79152974765,3,9.39439431108,4,8.18627639423,6,8.11037887669,8,8.68773434892,9,8.70559583376,10,0.005,12,9.7061861481,
0,4.75018948774,1,6.98527651163,2,9.61536873654,4,9.15672422321,6,7.84687310706,7,9.84943293533,8,8.65090613902,9,1.22666019863,10,9.75758495969,13,8.00175888212,14,7.10043947069,15,6.00276311842,
0,6.00061967824,1,9.93956618059,2,9.84021231207,3,8.15879579317,4,9.77597183192,5,8.77944092399,6,9.68786731205,8,9.09289338075,10,9.99387147876,12,9.38402330824,13,8.18166132538,
0,9.67740973875,1,9.96082793573,2,3.67484512693,3,9.65739409978,4,9.5198865248,5,6.06694303752,6,9.81125315696,7,9.93691166112,8,9.78407817384,9,9.81692199073,10,9.96944844248,11,9.36370798918,12,4.01569137739,13,7.727735309,14,9.40413467658,15,9.56211251978,
0,4.67224521251,1,9.48971791165,2,9.70291769127,3,0.455337360413,4,0.698076297479,5,1.75183203301,6,9.99040710001,7,9.02777338147,8,5.61297427639,9,1.77681802474,10,9.81315537179,11,9.76162768314,12,8.8534212007,13,9.41002511139,14,9.244406623,15,9.52295802796,
0,1.61925914404,1,4.84908392882,2,6.37556955736,3,1.65459500266,4,8.98096728607,5,6.29664037755,6,5.84620455344,7,7.33819747991,8,9.78023762607,9,3.14882524299,10,6.54916673007,11,9.30555577436,12,6.58795306698,13,8.39287976044,14,8.66729899088,
0,0.262435933349,1,9.32015802083,2,9.98037468469,3,9.18675261706,4,9.50745721344,5,9.66609464224,6,9.92290454819,7,7.7379538217,8,0.938365569467,9,9.74141277258,10,4.41735282035,11,2.86533447631,12,7.79519853108,13,8.94497103902,14,9.3739679175,
0,6.68068842852,1,5.01953666203,2,9.87710283162,3,9.38350154224,4,8.70449523002,5,9.28720051046,6,9.74068784944,8,9.36103995114,9,7.09324876448,10,8.05485057287,12,9.6235288095,13,5.36562927517,14,9.61296161818,
0,1.54259360153,1,6.96746436502,2,5.20225746249,3,7.189985547,4,8.73576226123,5,3.16007003323,6,4.88395225531,7,0.005,8,6.19383874697,9,3.7545790707,10,2.00864787768,11,8.60274937896,12,3.31445331482,13,3.28437220146,
0,1.18440422331,2,9.96096988158,3,6.52573792297,4,3.75852577734,6,9.92144479156,8,4.12500503589,9,9.63431947206,11,6.91367432866,12,3.14799786058,13,3.90632432504,14,5.4406460047,
14,0.005,
3,0.005,
0,2.85737679314,1,9.80226033724,2,9.87545405755,3,8.99542309419,4,5.56370311568,5,1.15783718683,6,9.35079751343,8,9.78014183118,9,8.43525127865,10,9.19195849574,11,9.84481721903,12,8.29502283361,14,9.07590159226,
1,9.64032569622,3,6.50318114415,4,4.16713729389,7,4.24583387023,8,2.10605360325,10,8.46614831364,13,5.23533475868,
0,0.841122219652,1,0.952658422319,2,9.0148195282,3,8.28535587972,4,8.45841040207,5,9.37906224696,6,6.85385766779,7,9.67062207117,8,3.04565765814,9,7.81129031918,10,9.68073088374,11,9.79540825588,12,7.28110771732,13,9.05234024145,14,9.12196094373,15,5.46977824512,
6,0.005,
5,0.005,
0,3.14083440153,1,0.596218061545,2,3.44657532998,3,9.105454795,4,9.75542658522,5,4.29715417615,6,9.210655225,7,4.26383063628,8,8.33723145082,9,9.98231693479,10,6.70255688297,11,9.6081458435,12,9.5387539117,13,3.58770279071,14,9.88794494845,15,4.60138084102,
3,0.005,
10,0.005,
14,0.005,
0,9.79134292628,1,0.462724017295,3,9.99304060074,4,8.89815266191,5,9.87485435776,8,9.52348781386,9,6.76786889919,10,6.61382900746,11,9.46210942258,13,9.51689149899,14,4.71892387063,
0,2.77213583055,1,6.82166023882,2,9.31934003567,3,9.10781929665,4,9.95847990255,5,9.2388460653,7,3.33287444407,8,9.89427795761,9,9.60877624056,10,7.68954437645,11,7.70120766276,12,8.44519566101,13,1.91252078444,14,9.66853325934,15,6.58115200544,
7,0.005,
0,7.80022051269,1,2.86227122629,2,9.88619484148,3,9.73696748528,4,3.73488738169,5,9.8801704813,6,5.88740083475,7,0.865886735637,8,9.8807984897,9,9.87287325596,10,9.98792386633,11,9.46281847338,12,9.83180626983,13,9.80766757369,14,9.92282426533,15,9.78242752132,
15,0.005,
0,4.20374742146,1,0.556344733469,2,4.04668593976,3,7.37518165744,4,2.23946134367,5,1.18125403999,6,8.47240044494,7,5.3936323119,8,0.488390091979,9,9.86403200678,10,9.57626866175,11,9.68327168006,12,8.40941573701,13,7.42379876337,14,0.611163668266,15,8.87292042615,
0,0.941472986315,1,0.962368738956,2,5.69779968418,3,8.94377048552,4,8.95114814477,5,3.79776100513,6,3.10972459125,7,2.9310570953,8,5.52641543457,9,9.87695889972,10,9.55644395052,11,7.88616996953,12,3.98121808047,13,9.61310993644,
0,8.13327397114,2,0.005,3,9.32346013921,10,9.36843282986,12,9.93821313328,14,7.54756124161,
15,0.005,
12,0.005,
6,0.005,
12,0.005,
7,0.005,
0,9.99362118647,1,9.95620947536,2,0.0486657430516,3,9.98895006255,4,9.99582032413,5,9.95968705285,6,9.97835587189,7,9.87993182405,8,9.99102429115,9,9.99516744647,10,9.9965623161,11,9.97381739356,12,9.97567731978,13,5.74159042291,14,9.9819849473,15,8.35656767449,
0,5.07434345214,1,6.32039513798,3,9.32274142538,4,5.5116287215,7,0.005,8,9.3150174499,11,7.18017887276,12,5.22772629568,13,9.59489529401,
5,0.005,
0,5.75957070537,2,7.54039167208,5,0.005,6,6.41703324809,9,7.21575393434,12,6.34087566717,13,7.22243847028,15,8.36921311304,
1,2.35264956,2,2.36957225776,8,0.005,9,9.36126651969,13,9.09169723596,
0,1.008048316,1,8.68613763761,2,9.7485140495,3,9.54964525345,4,9.01166724704,5,9.90077515722,6,1.61143326989,7,9.32937920027,8,9.98431928872,9,0.116495651794,10,6.92497300151,12,7.15139805848,13,9.81901037812,
0,3.39098206626,1,9.76233313275,2,9.78395047951,3,4.83727396691,4,9.95770504947,5,9.66083549522,6,9.45364170416,7,9.38528361589,8,9.33486325689,9,9.90226068356,10,9.66262020032,11,8.33702583572,12,0.338841733422,13,8.96547763786,14,9.73795309421,15,4.20113000747,
0,5.45810904743,1,5.43571364214,2,3.89116233816,3,6.33314207531,4,1.18954441597,5,8.67963196968,6,8.97662379163,7,6.63039754501,8,2.95050375085,9,9.45691006268,10,9.95845682971,11,9.99211919224,12,7.78966830221,13,8.4819824439,14,8.65894367244,15,4.32079455444,
13,0.005,
15,0.005,
0,0.76168452298,1,8.75771062686,2,7.0624231001,3,7.61008336929,4,9.94492247716,5,8.70216737625,6,3.54262146851,7,9.24498083105,8,1.2261036666,9,0.30647833125,10,9.117057092,11,5.51697253732,12,8.05396951999,13,8.06051618468,14,4.88034433891,
13,0.005,
6,0.005,
7,0.005,
0,3.96445445195,1,9.63393775772,2,9.38558532934,3,7.22037978858,4,9.25530396526,5,8.92149218194,6,9.7611563023,7,5.27646274689,8,9.82957156784,9,6.69436291165,10,9.60484951515,11,8.81449864496,12,4.23923446746,13,9.78382916678,14,9.35089899326,
0,0.0917918659602,1,9.66432460692,2,9.96086841128,3,9.33752371,4,9.89531045255,5,9.94203465006,6,6.95090004121,7,4.79374806153,8,9.9885667112,9,1.15742489177,10,6.88209999316,11,9.59920309235,12,0.807090724508,13,9.71989449494,14,9.68043796652,15,6.43250117718,
11,0.005,
0,0.0394487698135,1,9.9151168696,2,9.83788916773,3,3.19681661826,4,9.87486628637,5,9.0469021681,6,9.53774561172,7,7.72911647204,8,9.51511672912,9,5.77326544245,10,9.95673519326,11,9.84469428901,12,9.62556843619,13,9.94707841878,14,0.719853056609,
0,5.98836977883,1,0.005,2,4.60184551092,3,1.69427192905,6,6.83367269643,7,6.94341255546,8,1.95846722433,9,9.39713967148,10,7.37327691372,12,2.42214082506,14,3.73284376454,
0,9.99594558336,1,9.69574967104,2,9.8410231754,3,9.66850685585,4,9.91996327005,5,9.50085585097,6,9.84930010807,7,9.83079887612,8,1.70822858146,9,9.05157033228,10,9.71226325603,11,9.64187716176,12,8.55611078679,13,9.61986907463,14,9.81951634397,15,9.97736006797,
0,3.69001223378,1,9.92724301995,2,9.89027808093,3,9.93458536918,4,0.370708631889,5,9.76589004403,6,9.76903009422,7,9.26514639955,8,4.17990516662,9,9.20200684642,10,9.35464047639,11,5.59909844328,12,8.53057162103,13,9.45762352438,14,9.09892006646,15,4.87853708716,
11,0.005,
0,5.33211846461,1,9.19731862988,2,9.54298335435,3,7.99639514463,4,2.77528182468,5,1.4894919348,7,8.14825868911,8,9.76148390607,9,1.2903624657,11,7.4433426007,12,6.1744143858,
11,0.005,
11,0.005,
0,0.813970207543,1,7.50632991807,3,5.97400980405,4,9.35530631727,5,7.39990352891,6,3.36743450519,7,3.32034208503,8,1.21535120963,9,1.47367522806,10,9.98221535359,11,8.77932279596,12,0.650418659552,13,1.2266806001,14,6.84611726357,15,9.18571439026,
13,0.005,
9,0.005,
4,7.55419412428,5,0.005,
0,4.58329180262,1,6.50061159183,2,9.94022057876,3,9.97578671389,4,0.344527229888,5,8.6289865487,6,9.86443457101,7,9.39661588839,8,9.47612800799,9,9.02686468144,10,7.46824921707,11,9.0204774328,12,6.29707825233,13,2.37236069868,14,2.54234516742,15,6.33970794704,
13,0.005,
11,0.005,
13,0.005,
0,9.93878973048,1,9.9892256632,2,9.95385784658,3,9.98977521543,4,0.120996202539,5,9.91399267412,6,6.2114369911,7,9.93732076649,8,9.98719772974,9,9.97898912456,10,9.95555510184,11,9.92501340653,12,9.91122353032,13,9.82300852808,14,9.80863509796,15,9.97927138422,
13,0.005,
11,0.005,
0,9.94969646223,1,9.93168153697,2,0.999717896924,3,9.52456997616,4,9.88359445746,5,6.09505854426,6,4.54492459501,7,9.6917538738,8,6.92767862334,9,9.80011460361,10,8.91208231604,11,9.46619626177,12,9.47379051651,13,0.005,14,9.77755072213,15,8.60376955424,
1,3.44752141535,2,0.005,
0,3.22097298746,1,9.40564464851,2,9.91427475808,3,9.83054664793,4,9.93410843816,5,9.40080957349,6,4.86369462552,7,9.94692010043,8,9.7521155324,9,3.56913618675,10,4.12951318066,11,8.58222057884,12,8.66957502054,13,9.9509094638,15,7.04627894365,
0,2.24373140581,1,8.29735624122,2,9.99605347462,3,3.02455463191,4,9.96418788231,5,9.68754095927,6,1.48230404249,7,5.66021170086,8,9.99771433051,9,7.81425486392,10,9.24573315422,11,8.92507954577,12,9.56671029493,13,3.74047044447,14,5.66835028334,
11,0.005,
14,0.005,
0,7.87435600241,1,1.60662629557,2,4.55650125806,3,7.9452905603,4,8.54741929492,5,9.80846135891,6,9.5538167298,8,9.65908494478,9,7.01951050407,10,9.43963266294,11,9.73225320732,12,8.82690654351,13,9.29234265055,14,9.9849662323,15,5.26497164199,
11,0.005,
0,0.942079280283,1,9.63467412284,2,5.48900713271,3,9.7409425231,4,9.93061978329,5,4.25246510922,6,9.87555533658,7,3.09795402406,8,1.85608306145,9,2.27359689474,10,8.99151118198,11,9.08595885427,12,9.07672098565,13,6.16915849284,14,4.5581865525,15,8.70028407729,
9,0.005,
4,9.04933781997,10,0.005,
0,5.97525971653,4,8.14456153045,6,7.11681725559,9,0.005,13,9.70678490215,14,7.19107237559,
0,9.88488081508,2,7.19501230936,3,8.57071045748,4,0.444998021465,5,9.75547480514,8,9.4629772521,11,9.89751974566,12,0.005,
4,7.80205747158,9,0.005,10,8.05016548501,
0,4.37849493795,1,9.96722951024,2,9.73657592732,3,9.69118279173,4,9.84313507447,5,9.89089918461,6,9.96665283815,7,9.73427584508,8,9.74891673743,9,4.56139163782,10,9.65017405959,11,9.72103539071,12,7.37048269845,13,9.97385415166,14,7.33924108267,
4,5.51425431593,8,8.65045854945,10,0.005,
11,0.005,
14,0.005,
0,7.81421190159,1,9.68215244336,2,8.26508659478,4,0.005,8,8.48083725554,9,8.76065935019,10,8.29544013538,11,4.66514157288,12,9.23208955836,13,9.86036723009,14,9.71003870364,
14,0.005,
0,7.20271730234,1,1.03812238585,2,3.39054117925,3,1.68152301343,4,0.163491910132,5,0.952377191623,6,6.67605763073,7,8.14084116426,8,8.93008673877,9,5.0849633301,10,1.3396793213,11,4.73143643841,12,9.16749898592,13,4.08402500313,14,2.87188462444,15,4.49005409636,
0,2.80631283403,1,0.621336560503,2,0.986488945668,3,9.87144671643,4,3.09574222687,5,5.06669002298,6,7.81776615208,7,4.99830176499,8,5.29478868148,9,4.05026651536,10,2.17909271885,12,8.14273178931,13,6.07890944341,14,0.151730788975,15,8.94952075972,
0,9.27349418959,1,1.50013846112,2,2.14916961533,3,9.87938024128,4,9.94058983633,5,1.82695432032,6,0.304007110666,7,8.51333504617,8,0.044200126191,9,7.26070115081,10,2.31967881364,11,9.76402596876,12,0.46450057228,13,5.04813080037,14,9.9473123539,15,7.39075212112,
9,0.005,
0,8.22919369205,1,9.47956270707,2,9.81059138634,3,9.45558623842,4,9.22950330085,5,9.76557886546,6,8.56152647631,7,8.94864320689,8,4.4893636081,9,6.42246839321,10,0.537834779658,11,4.60716393799,12,9.41341377442,13,8.19872333928,14,9.3313650355,
11,0.005,
15,0.005,
0,9.90940556508,1,2.28332688672,2,8.09851415373,3,0.0700113158268,4,9.81626187835,5,0.357249863727,6,1.76171858436,7,9.94281939772,8,9.85365718792,9,9.94098436636,10,5.12402436492,11,2.99369968212,12,4.04768570705,13,3.81346207758,14,9.67783502294,
6,0.005,8,8.65946336881,
0,4.37381688769,1,8.74635448306,2,9.91736087583,3,0.005,4,1.98156178676,5,9.94427028815,6,9.10094622669,7,9.04126571971,8,8.96196291665,10,9.12612901622,11,8.43302359104,12,7.25441513447,13,6.92368868749,14,7.66918512078,
0,6.39988045693,2,7.32162461204,4,8.42698014644,6,7.10490278113,10,0.005,
5,0.005,
0,6.37732303043,2,9.820411746,3,9.64006613758,5,4.22974761281,8,0.005,10,7.44292513859,12,9.86469896671,
13,0.005,
0,9.8176787703,1,8.40168755394,2,9.43095597479,6,1.76266938027,7,9.64628932823,9,0.005,
0,9.2169213582,1,2.21778920474,2,1.98938210779,3,9.56856145321,4,2.56878112141,5,9.6599554943,6,0.912648446234,7,6.81431635341,8,3.65924158089,9,5.01769055524,10,7.2972154981,11,6.62996469984,12,9.84178524376,13,4.83357157125,14,6.29011040705,
0,9.72185646279,1,9.92756608628,2,6.21213486723,3,4.92752875549,4,1.02827035869,5,9.69694673825,6,8.81041451727,7,9.96888587537,8,7.45853915664,9,9.548363488,10,8.78984481189,11,9.87406700356,12,9.7421000064,13,5.53448059932,14,8.94224382884,
4,9.9327826761,8,9.2415149584,9,0.005,
3,0.005,
14,0.005,
7,0.005,
0,8.96870257996,1,9.30604304447,2,9.70492658017,3,9.88177881082,4,0.488218119188,5,9.63738373013,6,9.50892954613,7,6.41820508548,8,8.53796676167,9,9.28899711764,10,2.57431638114,11,7.10064952793,12,9.84492282162,13,9.59815173029,14,9.73421959408,15,9.57444443577,
0,9.97027090224,1,9.99962269649,2,9.95829344582,3,5.63638434402,4,2.84955148978,5,9.99085304007,6,9.89523098879,7,9.93672458067,8,9.99067571431,9,3.36348959059,10,9.97014295486,11,9.7832850398,12,8.65218848636,13,8.63349291288,14,9.62534296216,15,8.61378721667,
0,9.85468384603,5,1.33115956543,8,0.005,12,7.135641327,
0,9.97657717027,1,9.96242582238,2,9.9353457163,3,7.31493664156,4,3.48895273293,5,9.63398350195,6,9.64843083974,7,8.02992540283,8,1.54669608169,9,9.89731484384,10,9.51701017046,11,9.76615075172,12,9.91762552998,13,9.88370663903,14,8.71674904745,15,9.45606765501,
0,6.85879636903,1,9.92403096754,2,4.91679722358,3,9.866131277,4,9.82109064926,5,9.40052181917,6,9.43643490225,7,9.22404519102,8,8.77437306161,9,9.12924657346,10,8.54605146005,11,9.40322044155,12,9.0165066409,13,9.8801757451,14,9.27145987235,
3,0.005,
0,8.29073727108,1,8.95475776848,2,9.41063889244,3,9.80071695814,4,9.94789084011,5,9.82275113666,6,4.6239650351,7,9.60710134773,8,9.77511491465,10,1.46623279846,12,8.90370968686,13,8.32499500456,15,9.72464620178,
0,5.52607590342,1,9.04437580492,4,8.9476567689,6,7.53187483845,7,9.10634943853,8,7.23194237629,10,0.005,
0,2.26793246134,1,9.90286617112,2,9.95094603573,3,9.98526561178,4,9.99902582633,5,9.13012166593,6,3.70032744457,7,8.87522356681,8,9.88734990627,9,9.96428124005,10,9.48977137361,11,9.29984071062,12,9.08865162765,13,9.66558707841,14,9.22216901174,
1,8.52553061239,2,7.13206939088,4,7.609309021,6,7.46664943428,7,7.31585124516,8,7.26877638796,10,7.2979635147,13,0.005,
4,9.95235858668,7,0.005,8,9.74188074309,
0,0.863786195344,1,9.80489483309,2,9.71370817944,3,2.57612035209,4,7.37364983315,5,9.35999163482,6,7.78515233012,7,8.01557946157,8,8.11343863566,9,9.91782081886,10,8.98050371141,11,8.51651140297,12,9.69903690645,13,8.84156791139,14,2.29160759828,
0,9.99282291357,1,9.87127608939,2,9.96881271401,3,9.85628154753,4,4.86489317666,5,9.68315209062,6,9.92230420982,7,9.29615707865,8,3.69400147101,9,9.73967419118,10,9.99121265577,11,9.47794660343,12,9.69051189528,13,9.30184212111,14,9.84678874912,15,7.68581566121,
6,3.236315604,9,0.005,
5,0.005,
0,2.78309878238,1,9.77061774882,2,1.23748312711,3,9.18609412772,4,8.19014977572,5,4.4598359279,6,3.26605811701,7,5.45735532676,8,2.53032043174,9,8.37735748022,11,9.15638116908,12,8.80666991301,13,2.89117312183,15,6.70726910077,
0,5.31202310621,1,9.62057690269,2,9.29127329953,3,9.23098491934,4,7.21153635491,5,0.005,6,7.27651145665,7,8.64260791831,8,9.00657962785,9,7.19421259557,13,7.55438386176,14,7.84122299805,
15,0.005,
0,9.26465973212,1,8.82273343002,2,7.97909084666,9,9.41076229518,12,0.005,14,9.56811826932,15,9.46595913962,
7,0.005,
13,0.005,
3,0.005,
0,9.07313566702,1,9.98339377572,2,9.98666414864,4,9.87160381953,5,8.91027825895,8,3.35967810017,9,7.7557620966,10,8.17407205348,14,9.76510788629,
0,9.34395545203,3,9.73490780282,4,5.03034441735,9,7.16593285248,13,9.76034202707,
0,9.95913646379,1,0.573980641126,2,9.99053500864,3,6.72673006772,4,9.91872895308,5,9.67273364391,6,1.05813138557,7,0.339507979958,8,9.83940056003,9,4.50617332757,10,7.86048152482,11,9.99798255053,12,6.58840523972,13,9.99503442733,14,9.0600428079,15,1.39646360945,
13,0.005,
0,2.17470395159,1,0.356656859142,2,2.72458569878,3,4.16958389379,4,0.683476815075,5,0.735412421162,6,9.72707203505,7,8.79197107136,8,0.880125703261,9,9.63049239261,10,8.99848075594,11,2.64795425766,12,2.40063780293,13,7.27395315205,14,1.73834541825,15,3.96688244317,
11,0.005,
0,9.99478339792,1,9.99345578078,2,9.86164577461,3,9.94139392701,4,9.97362314412,5,9.89866707312,6,9.7262907715,7,9.62620229191,8,0.582022609354,9,9.97754988062,10,9.94442908657,11,9.98614180298,12,5.82647454124,13,9.98381758737,14,6.50073123001,15,9.65339975685,
0,5.85326975674,1,9.37016930634,2,9.45628937762,4,9.74947124579,5,7.91446991673,8,8.96604397435,9,0.005,14,6.6394282316,
0,4.76480072072,1,9.90383364266,2,4.85455401246,3,5.06904130332,4,9.58202226973,5,4.80525499951,6,6.16739897725,7,8.17974313773,9,9.10161303739,10,7.73624329072,11,7.2933593776,12,9.16050611818,14,7.66094222625,
3,0.005,
0,3.41046311441,1,9.60301302524,2,4.29560675288,3,5.09076943391,4,9.18274419464,5,4.38999581788,8,5.43542140617,9,9.74619865939,12,4.01762253387,13,6.18435243929,14,4.33546690455,
1,8.29395360967,2,0.005,6,4.36875354492,9,2.38202217112,
0,9.04682763638,1,9.83955223462,3,9.8771386323,11,0.005,
3,0.005,
11,0.005,
13,0.005,
0,2.55592406121,1,4.47590625053,2,9.85398301446,3,9.36001819102,4,8.5385889596,5,8.87834610271,6,9.69625837543,7,4.42285988639,8,9.9958257966,9,8.96439147763,10,5.2376670637,11,6.73599390753,12,9.25651926195,13,9.04905165601,14,5.4168286771,
0,2.12600223005,1,5.49695307462,2,2.98906867877,3,9.94480827099,4,0.74657335262,5,8.05327202174,6,9.63494779207,7,3.25924700154,8,0.124618788285,9,8.16702967415,10,6.86667745002,11,0.650027988274,12,9.92253108814,14,6.13950652564,
0,4.04082297062,1,5.19009056487,2,8.71439694511,3,4.04853129598,4,8.71155758568,6,9.08118600565,8,9.19374404817,9,9.65109953469,10,9.91758908076,11,9.61632667746,13,0.005,14,8.56698423871,
11,0.005,
2,9.39276508594,6,0.005,
11,0.005,
12,0.005,
0,9.70755784697,1,0.0478905210509,2,8.33474767225,4,9.33736841416,5,9.85516985272,6,9.33282630967,8,2.72180797203,9,5.55667322186,10,9.96565170941,11,9.98325251705,12,9.91962722762,14,0.235199955732,15,3.35348806735,
0,9.8697745358,1,9.50682342486,2,2.1233030545,3,9.7325411309,4,8.79783031028,5,2.77576427815,6,8.32537768952,7,0.708935947653,8,9.84613565736,9,2.58971771396,10,1.54653316591,11,4.46489095561,12,8.80794375357,13,4.03669566171,14,9.87223856186,15,8.61314754184,
0,9.41447866316,1,8.18430186541,2,1.19751426602,3,9.54838808911,4,9.82310414234,5,0.005,6,5.87744105317,8,5.10762249224,9,9.38480070655,12,9.48855116831,13,9.3130237817,15,7.88405793135,
0,9.57198729952,1,8.82856241106,2,8.62423483463,3,7.87490650973,4,9.87270865468,8,7.62869374658,12,3.92460478094,15,9.71953603214,
0,9.73962408092,1,4.23662500519,2,9.65994112936,3,9.4417876731,4,5.73081249005,5,9.89287534155,6,9.88706336333,7,6.12282594895,8,9.70579583175,9,9.95354179178,10,9.38227397131,11,8.90445667313,12,5.43090392443,13,9.60536323544,14,8.85413150533,15,9.91637997431,
0,9.02786849045,1,2.90482377885,2,7.3124522321,3,0.248509361892,4,4.08769559928,5,4.56133284904,6,8.09299038479,7,9.93084238299,8,4.03107739598,9,8.78770669442,10,6.8565679109,11,9.83678096865,12,0.417298840179,14,8.53033291316,
15,0.005,
0,1.09548628201,1,9.82808686535,2,4.52601844483,3,4.1200674396,4,9.96903260772,5,6.61225612915,6,5.07536078213,7,4.76360750506,8,9.36342731742,9,2.38208580134,10,6.95479255045,11,9.9638674519,12,7.94754120411,13,9.49198344318,14,9.81699979751,
7,0.005,
10,0.005,
10,0.005,
0,9.57009922142,1,9.96323805182,2,3.01613431629,3,9.6616268806,4,9.92798420555,5,9.45779850398,6,9.54320487608,7,9.74309236368,8,9.47567516443,9,8.71954590885,10,1.30112913826,11,8.6198109726,12,1.42253832004,13,5.35981545387,14,9.06192595654,15,8.77275010324,
0,9.94037961345,1,9.96859298177,2,9.99411457409,3,9.93871771194,4,1.24389661274,5,9.84605407586,6,7.4675999611,7,9.85554468968,8,9.921275492,9,9.77397999777,10,2.68583075443,11,9.90510484317,12,9.948337206,13,9.97594377998,14,9.97401042469,15,9.42980360065,
7,0.005,
3,0.005,
0,9.80483994702,1,9.8405360522,2,9.96212268785,3,9.99590633178,4,9.97811346891,5,9.92811582382,6,9.91382904229,7,9.84058002883,8,9.96386400021,9,9.46341267299,10,9.85057277366,11,9.94342415293,12,0.085648405832,13,2.848330109,14,9.72044639004,15,5.77626667629,
0,2.30157560986,1,9.98465091811,2,2.33737376551,3,0.909532566196,4,9.56689070454,5,9.87055461642,6,8.47106396854,7,9.84233780943,8,9.87975783486,9,9.38611746884,10,9.83787220444,11,9.91263944689,12,9.82696720489,13,8.9611038052,14,5.95743662379,
3,0.005,
10,0.005,
15,0.005,
1,8.77962447526,2,0.005,
0,9.95617236915,1,9.91001610773,2,3.03390581955,3,9.59098858996,4,9.96469846244,5,9.97681276548,6,9.03580587125,7,9.93764733194,8,9.94293844653,9,9.62471542769,10,9.11457131403,12,9.91852541398,13,9.07975213422,14,9.2570536956,15,8.38482335267,
2,9.87311247434,3,0.005,
0,1.79834542721,1,4.66524426859,2,4.35005172598,3,8.02402801878,8,5.55495681445,10,2.44212167663,13,0.005,14,9.2628756744,
0,0.728929247946,1,4.50241401291,2,2.06929964052,3,9.45417170521,4,6.59559558227,5,8.95248710969,6,7.07905087816,7,9.67133213706,8,9.9201634654,9,9.73339168687,10,6.57851576097,11,5.50716012364,12,8.33282123762,13,8.71516865086,14,9.72528756257,
0,0.222961904749,1,2.64345808592,2,9.82964106383,3,9.97991318555,4,4.79385186513,5,9.06662104127,6,9.04613813,8,9.58575606467,9,2.91534699021,10,7.96610569304,11,8.17701852837,12,9.75053398346,14,7.31039613937,
0,9.99452205368,1,0.822972785904,2,9.95736055455,3,9.95671080407,4,9.99503663345,5,9.96650249779,6,9.82891764163,7,9.79199932763,8,9.97364647304,9,9.92312653168,10,9.85348310321,11,9.83802783192,12,9.94163855839,13,9.89020906179,14,1.40618359493,15,9.81985975343,
0,0.888032331928,1,9.48273082708,2,7.59689420251,3,7.12628865983,4,4.58393187475,5,9.5821823141,6,3.88872845272,7,6.41144302785,8,9.79429066806,9,5.87742806687,10,7.73435315188,11,1.46809077398,12,8.42850564406,13,8.82791152998,14,8.93602485255,
0,9.95683756706,1,1.50543317161,2,9.82283979447,3,9.9738490899,4,9.9936813141,5,9.98300101241,6,9.86823544337,7,9.98501575855,8,9.99131617492,9,9.86903343007,10,9.98278596067,11,9.94195897047,12,9.96717083753,13,9.94693340128,14,9.91481260088,15,9.79983733747,
0,9.73115737159,1,8.36799662254,2,9.49310986512,4,2.04568948523,8,9.62884056677,9,0.005,10,9.74699136575,12,9.26915751969,14,9.82476839253,
0,3.48482637125,1,4.46321273422,2,8.25989701601,3,9.83346133218,4,9.47039751933,5,4.35226709456,6,9.28489325804,8,8.63836030802,9,6.74171953054,10,9.92052907764,12,4.84985994326,13,5.78376031369,
13,0.005,
0,8.51632825512,1,9.57960872442,2,9.26129345631,3,8.72789636918,4,5.45065419337,5,6.7820026512,6,9.57252028556,7,9.55829997058,8,9.47811560486,9,9.96251028915,10,3.47891705546,11,9.22680571902,12,6.26893837968,13,7.44941664029,14,4.172010251,15,9.62039349795,
0,9.64467353628,1,9.06731630278,2,4.60283375469,4,9.74006317258,6,6.03644162687,9,7.27957778251,10,9.63928410723,12,9.35317245961,
0,0.850881042989,1,0.00977026384132,2,0.558393150518,3,3.32161306136,4,7.084463417,5,4.27478932506,6,9.6132762154,7,7.96417041073,8,1.23108207956,9,8.33487862774,10,5.39215823216,11,9.21578726961,12,5.28222003729,13,5.41435833971,14,8.80325181011,
0,5.37807010582,1,1.81831806748,2,8.6269958368,3,7.97912155792,4,0.205498687548,5,7.67224636097,6,7.93550400381,7,5.61980007283,8,3.61999632506,9,3.10812379969,10,9.77819640267,11,6.73247455356,12,5.2048020606,13,8.41880419863,14,7.5909536885,15,4.31500389765,
11,0.005,
0,0.895876212112,1,4.95131826205,2,8.54914998241,3,3.14190675315,4,2.61565373007,5,8.27356136707,8,9.90144846469,9,7.9248827588,10,1.37379315287,12,9.68635475715,13,0.202357744394,14,6.86323966718,
11,0.005,
7,0.005,
14,0.005,
7,0.005,
0,7.48069851098,1,6.80338031385,2,9.60373639732,3,9.65537028795,4,1.17832908262,5,9.10309525982,6,1.80112945022,7,9.63755116559,8,9.85356101613,9,8.4246792368,10,9.90809581683,11,9.97130556623,12,9.642943309,13,2.7080382999,14,9.51544317175,15,5.65772860801,
0,0.880890511805,1,9.42810495455,2,1.97492838362,3,9.81923831041,4,9.76354496762,5,9.78822825251,6,8.88156771935,7,5.71754581306,8,9.05466223504,9,8.64341709195,10,9.73313402102,11,8.70785799607,12,3.99206008757,13,9.90049490825,14,8.88305985137,15,2.873942625,
7,0.005,
0,0.417078211219,1,9.27081626934,2,4.34359855308,3,5.85062944291,4,0.0456498183614,5,8.85148637495,6,4.59359419459,7,6.48463202066,8,9.95750638736,9,1.59568870142,10,8.43110224983,12,0.974415143332,13,1.30364460837,14,6.19067458717,
0,4.71208140031,1,1.53873077056,2,5.39213512458,3,9.90487690591,4,2.36950406711,5,9.22214876874,6,8.36750279743,7,9.81549272839,8,6.17932572613,9,9.716672275,10,5.83807884549,11,6.13819070537,12,8.31976658087,13,5.04092320484,14,6.78534631704,
6,0.005,
11,0.005,
0,0.967289157929,1,1.97939709922,2,8.25376789871,3,8.04730529561,4,2.79355876665,5,9.8870082842,6,8.66854551917,8,7.12484477466,9,9.99580702403,10,4.58381331611,12,9.70038164609,13,9.82016072218,14,9.16537910658,
11,0.005,
13,0.005,
0,7.11317601386,7,8.57922524433,9,8.2606254555,12,7.20259947899,
6,0.005,
7,0.005,
0,7.43032289726,1,9.96791727249,2,9.77493474982,3,9.94388274313,4,9.71876797524,5,1.26716507501,6,6.19489940469,8,9.27203018333,9,9.91097310611,10,2.90462758115,11,9.25658466526,12,9.07312124637,13,9.36090959278,14,9.67388330703,
0,8.99658408848,1,2.76626491604,2,9.85944605397,3,9.29215993491,4,9.64375142861,5,9.55424816601,6,9.95750270147,7,9.92114723826,8,9.79042581492,9,9.44733454328,10,9.33268964896,11,8.93745918781,12,6.1543311306,15,9.66773340807,
11,0.005,
0,9.97458804728,1,9.44268545259,2,9.98532700069,3,9.4695622926,4,6.18962984113,5,2.58257113325,6,0.255390992884,7,0.0962420719642,8,9.99963079287,9,1.65472167304,10,9.99968783683,11,9.99233566965,12,0.231565468932,13,0.550291730099,14,4.75460395787,15,9.97757513202,
0,9.99131798849,1,9.99473640895,2,9.98033993191,3,5.31706557476,4,9.99511421817,5,9.98735313744,6,2.11910205274,7,9.9696808425,8,9.99341043981,9,9.99668069666,10,9.97828362514,11,9.98849360975,12,5.17640225376,13,9.99151229188,14,9.96110122767,15,6.37193830585,
0,3.91502351053,1,8.98106030791,2,9.63042478895,3,9.81884254197,4,9.66934298191,5,8.57084596904,6,9.22741674212,8,8.58461095587,9,4.97805996597,10,4.67025248164,11,6.44705399234,12,8.60934218709,13,8.87081537902,14,6.80616189861,
0,7.73293364327,1,4.77724968055,2,4.08032573343,3,9.84928305225,4,9.97046902916,5,9.92289896901,6,8.73816320951,7,6.6905461069,8,9.0076829692,9,9.44581806905,10,4.26045458709,11,8.29883641386,12,9.62957854243,14,5.8347437221,15,6.59251010534,
0,9.90231970245,1,9.86567906455,2,9.88959412899,3,9.99411437034,4,9.91226511428,5,9.9625029235,6,9.9277335427,7,9.26194313108,8,4.26717359812,9,5.05899119508,10,9.98269154338,11,9.47435324256,12,5.52865945458,13,9.99803911592,14,9.98580615745,15,9.67891033426,
