0,0
1,1
2,2
3,3
4,4
5,5
6,6
7,7
8,8
9,9
10,10
11,11
12,12
13,13
14,14
15,15

0,9.74203098582,1,5.06008170225,3,9.07990924616,4,9.5052911418,5,9.52567826262,8,9.97408111011,9,7.98913262491,11,8.55596629497,12,8.50471794041,
0,5.8338729584,1,7.42018066499,2,8.47797164679,3,9.96451997343,4,6.0536916683,5,9.45381029948,9,9.95862072987,13,9.4073379191,14,8.49205875976,
0,0.412968985163,1,9.09114838165,2,9.52420049135,3,9.82666257479,4,9.97712841189,5,3.91542206474,6,2.53971127534,7,4.86185319691,8,9.3397473558,9,9.93222072959,10,8.52679064118,11,3.14456647998,12,0.54338866556,13,9.98367415218,14,7.77808196257,
0,9.43239417429,1,9.64141934726,2,8.95539537181,4,3.30880541053,6,9.94133287398,7,8.56531749519,8,3.619368482,9,8.63853195842,11,8.48061766987,12,8.24309654112,13,9.46899409829,14,9.00666910161,
0,9.99810785301,1,4.5168549093,2,9.98121737552,3,0.249527744262,4,9.99736665395,5,9.98718230158,6,7.32303030636,7,9.99986082669,8,9.99059849078,9,1.53870820506,10,9.99019119276,11,9.99322317658,12,9.90750396049,13,3.23776299905,14,9.99938399261,15,9.95586864476,
5,0.005,10,6.44349315456,
0,4.02833125797,1,9.97584016309,2,9.93368559016,3,9.4189249792,4,9.81795016993,5,9.87738043243,6,9.65962558664,7,9.98488537828,8,9.83559714679,9,1.04945437827,10,9.98956869805,11,9.45963484517,12,9.88490083515,13,9.51924054936,14,9.89243436137,
0,6.58039971611,1,9.85741951553,2,9.82752226352,3,9.96851152656,4,1.9267098617,5,9.59749396672,6,9.61888881801,7,9.45891578432,8,9.89391567842,9,9.84010667501,10,6.83270976518,11,9.37906634098,12,9.99635973084,13,9.54017184099,14,9.4579040042,
0,8.98500919263,1,9.9637539376,2,9.99503603359,3,1.7437691435,4,4.62932041595,5,5.38056138661,6,1.63394072556,7,9.72688378124,8,9.98857984489,9,9.98861811385,10,9.93338517156,11,8.85267556588,12,9.94864870139,13,9.83202861878,14,9.9311188197,15,9.35152398547,
0,9.50058272813,1,9.71431353443,2,4.13133148795,3,8.93730308171,4,9.87734499374,5,9.68325434289,6,8.83524016928,8,6.13112332847,9,9.25706138107,10,9.83795769875,11,8.78339281118,12,8.49404630754,13,7.79687319777,14,8.2763345937,15,9.40805565603,
5,0.005,
0,1.99945168233,1,9.46723870304,2,9.15757977964,3,6.33120515115,4,7.65030462587,6,9.56639012522,7,7.9279434391,8,8.58562103896,9,9.37736975799,10,6.50522265213,12,7.47971107329,15,7.20664701099,
0,0.19768972103,1,9.82684448345,2,9.88954777567,3,9.99200245351,4,9.29116176992,5,0.13864568645,6,9.90431711106,7,9.40937468159,8,5.35391449589,9,9.80534005203,10,9.95719286381,11,5.82189517652,12,9.59578883061,13,9.05149646731,
0,2.07608066641,1,8.82291417364,2,9.64208705274,4,6.76293810262,5,5.41163492557,6,7.70100144241,7,3.71574014282,9,9.24752341625,10,7.6722128755,12,7.13712501966,13,8.59142222297,14,7.71365621048,
0,7.60971300475,1,9.46669182483,2,8.24949404912,3,9.00257167945,4,1.49046616336,8,5.28963350715,9,7.96807630549,10,9.53322849934,11,6.0275958956,13,6.56782128427,15,8.5426927567,
12,0.005,
0,0.685031129708,1,7.82477757325,2,4.72201355277,3,7.76906849193,4,7.55029398014,5,4.79728137836,6,6.79905516132,7,1.19050902955,8,9.67656438326,10,4.85983885738,11,7.19695781056,12,5.32830463215,13,8.07531934451,14,3.28341865733,15,5.45107977087,
0,5.17600571061,1,6.38073703838,2,7.9375317309,3,9.99639630958,4,8.47398748462,5,6.23871909222,8,9.9044445277,9,6.05750769032,10,8.33740776953,11,7.69475589192,12,3.20449483307,14,9.34387827525,
0,9.85728759437,1,9.72235002561,2,4.44580177348,3,9.68076487077,4,9.87298748365,5,9.9605631189,6,9.40668975882,7,9.72488335598,8,9.69993672719,9,8.36439142672,10,9.87257204447,11,9.53812773255,12,9.93524880697,13,9.84434073712,14,9.07228303392,15,9.63744987584,
15,0.005,
2,9.96357048778,13,0.005,
10,0.005,
15,0.005,
1,7.59493908402,6,0.005,13,9.29234340829,14,9.54652904941,
0,7.81416282965,1,2.39144391081,2,7.25800871399,5,9.93574753171,6,6.4948205404,7,4.45511720768,8,0.460320094738,9,5.76502978882,10,9.94930075189,14,7.20001837443,
0,9.2014652711,1,5.90770044585,2,9.3172957418,3,2.35780510329,6,7.44201201086,8,4.57887107937,9,6.12549262707,11,9.59966751027,14,9.10807936771,15,9.9663754687,
14,0.005,
0,9.72423016263,1,9.97995859936,2,4.94478740338,3,9.93323560506,4,2.85636258614,5,9.88469386598,6,9.89655797981,7,9.80338748762,8,9.08761705198,9,9.86638753518,10,9.48184515632,11,3.3102335684,12,9.91998322622,13,8.01348836337,14,8.56643843915,
0,6.58937494613,1,8.68796461516,2,6.68992493067,4,9.16531356951,8,9.55971955537,9,9.50624068537,11,9.15575700244,12,9.46426575356,13,9.45375849491,
5,0.005,
11,0.005,
0,0.908059511854,1,6.48421792908,2,4.61658451461,4,2.59981468134,5,9.61250032553,6,9.24943263018,7,6.8111154693,8,1.28693119839,9,2.65201697199,10,7.63529304604,11,7.55772664841,12,3.72067233791,13,7.54532925625,14,0.005,
7,0.005,8,6.16106410092,
13,0.005,
7,0.005,
0,7.36624584007,1,6.48869704523,2,3.24752911343,3,3.53711633433,4,7.0647283165,5,5.40432224659,6,0.472286006824,7,6.29983580269,8,2.2017416026,9,7.84868616199,10,6.45029249985,11,4.39019901276,12,8.2473733325,13,9.98156464571,15,4.93221790852,
14,0.005,
14,0.005,
13,0.005,
0,2.63201385372,1,9.4963695866,2,9.53371825572,3,9.50008749509,4,9.61956038561,5,9.24398679877,6,4.98061012749,7,8.88760875723,8,4.24548067257,9,9.93897363104,10,4.17124118725,11,8.27118302065,12,9.04587866444,13,8.39139834659,14,7.12425910263,15,6.10568517491,
1,0.005,3,4.60111024347,4,9.15936802032,12,8.57572297697,
0,7.82394345876,1,3.63660074853,2,3.21681652437,3,9.14140074497,4,9.73959720795,5,5.32382634184,6,9.62006206856,7,9.9860372034,8,9.05957770106,9,7.18316845801,10,9.14382101336,11,9.14425373398,13,9.98317706316,14,9.65716054936,
0,9.88813929585,1,9.41592375815,2,9.67427285086,3,8.72175884738,4,9.88556918946,5,9.45006061939,6,9.92567240342,7,7.03146879671,8,9.84402222248,9,4.03105608012,11,9.51394806647,12,9.63718332016,14,9.81158555657,
0,9.91860677639,1,3.57367593701,2,9.96966379037,3,9.97414959569,4,9.98879858948,5,3.81331717309,6,9.978726422,7,9.90705536679,8,1.09319367685,9,8.41567484205,10,0.182787868476,11,9.90884607335,12,9.95802048832,13,3.43964428165,14,9.93602405748,15,7.18091093216,
3,0.005,4,9.11984796662,9,9.60655200156,
9,0.005,
1,4.89627440187,14,0.005,
3,0.005,8,9.99766695684,
11,0.005,
15,0.005,
11,0.005,
0,6.6054635675,1,3.41019762976,2,0.657842030035,3,4.94000098768,4,2.7204418863,5,6.99871770794,6,1.86075643662,7,8.6458889077,8,6.2672571732,9,4.4510478557,10,9.90439379077,11,2.11007924421,12,9.57343222331,13,9.71358867244,14,8.18599831209,15,6.54023461239,
0,5.93159200964,1,8.57143471469,2,9.3328768161,3,2.61902478721,4,9.90485954519,5,9.87017507448,6,3.86167543156,7,8.01128775054,8,6.25798563241,9,5.39311325542,10,9.88743956776,11,9.35542943007,12,9.0568561502,13,9.91029685491,14,9.76287969193,15,6.97372382603,
4,6.1192350309,6,0.005,8,9.88051573563,9,7.5026778691,
0,9.96929496922,1,6.31841723029,2,9.96168920756,3,2.42342576975,4,7.44874951671,5,9.99435284285,6,9.97793133274,7,9.99133152562,8,1.58446614921,9,9.84389359653,10,9.99994020095,11,9.60668566209,12,9.93113692332,13,8.54574807454,14,9.73315002483,15,9.67032517634,
4,7.74320338835,6,0.005,9,9.57979733794,
0,9.76603837549,1,9.95253581098,4,9.5048607193,5,2.0656555323,7,9.86961685954,8,8.74634001349,10,9.84072418207,13,9.35323053812,14,7.76090031694,
0,9.98691968169,1,9.96228250351,2,2.70610902522,3,9.93278368119,4,9.9633173943,5,9.96057797702,6,9.97777456056,7,9.97732192619,8,1.5842545506,9,3.88014949704,10,9.96256260453,11,9.86610537907,12,9.80346364671,13,9.97134336026,14,9.99021778864,15,9.87613095306,
0,0.34447079361,1,2.85775368738,2,9.78935932963,3,9.97440747523,4,9.73084271551,5,9.67406300947,6,0.760368025975,7,8.50224259351,8,6.11977190105,9,9.94400580888,10,4.17230919338,11,9.01505326304,12,3.57916875153,13,3.37967726817,15,4.63463217379,
2,1.40381965311,3,5.811423398,11,6.83153152206,12,7.27059452416,
14,0.005,
0,9.01687815266,1,9.57905028175,2,8.82181521953,3,7.53318682753,6,8.85684907129,7,6.25318257048,8,3.23028256812,9,5.71112612488,10,9.89702324128,11,9.82259358578,12,9.48059770615,
13,0.005,
15,0.005,
0,9.85233617181,1,1.77393794982,2,9.96385541133,3,9.97756706014,4,9.96726365482,5,7.57137978604,6,9.97825294282,7,0.0439274146333,8,9.97044041008,9,9.90109774522,10,9.95824438432,11,9.21232718922,12,9.9672996472,13,9.90707695083,14,9.76274515643,15,8.77143551896,
0,3.39340749723,1,3.5916902622,2,5.02398862155,3,9.85016656786,4,1.28319118468,5,6.79655795508,6,1.33927517719,7,7.99364170444,8,4.38588362554,9,7.04122966117,10,6.33642715395,11,8.18479403743,12,7.60478995962,13,6.73301660777,14,5.01632152782,
0,9.86969123437,1,9.48605294438,2,5.9990230128,3,9.9806003737,4,9.45941369389,5,9.83000258155,6,7.24460109016,8,0.681556324547,9,0.005,10,1.72374170513,12,7.28553553504,14,9.67775925253,
14,0.005,
0,1.25731178891,1,8.66798177757,2,9.97452254818,3,4.41488368608,4,6.87361072992,5,9.86137016153,6,7.8210514696,7,9.89167601883,8,8.56687573935,9,8.65163941094,10,9.7602608742,11,2.89607234883,12,6.5584282112,13,8.29368028335,14,7.06438005328,
0,9.27939046722,1,0.200977879683,2,9.76056386272,3,9.03322220613,4,9.97280449563,5,9.58807345867,6,9.99490235211,7,5.36120800161,8,9.73203017099,9,9.6277092615,10,9.55143391219,11,9.78571959469,12,3.48386101991,13,9.54288283753,14,4.85060991601,15,9.76079035386,
0,2.4185016294,1,6.86631274953,2,9.77386125813,3,9.41586020413,4,8.60399735493,5,9.01880273271,6,3.95117743152,7,7.43491208207,8,9.91043484514,9,5.89877117907,10,8.6547039318,13,9.39747441691,14,6.27411173098,
0,4.61877897944,1,6.59058500442,2,5.40341247551,3,7.92229269148,4,9.86912473444,5,8.47814388936,8,7.91830038966,9,8.09447821592,10,5.71930768566,13,8.85530972884,
0,5.48980199112,1,8.33780649889,2,9.72958894602,3,7.04908466852,4,6.23955963419,5,8.31638060007,7,9.31598755239,8,5.55350145019,9,7.51918603478,11,8.05269535465,12,6.97599379337,13,9.6410902102,
0,8.5548361777,1,1.55980869408,2,8.60810180787,3,8.65376040471,4,7.81118337499,5,4.91356751712,6,6.64044801566,7,9.62456447737,8,6.52634844078,9,2.77758049488,10,1.8032305195,11,2.63102741152,12,9.86679359776,13,0.809120353478,14,0.950152678902,
0,2.48210498287,1,9.76513560725,2,9.90661632996,3,1.85103462115,4,7.95561600307,5,9.65015616927,6,7.62427599157,8,0.0936586342742,9,6.10883582127,10,8.78006704912,11,4.35327097832,12,9.86519760573,13,7.6596662655,14,8.17559218809,
2,0.005,8,9.41790830593,9,3.08755543783,
0,8.14698104377,1,7.04011481623,2,5.25304181067,3,8.51721108644,4,9.91383310596,5,8.98087579293,11,4.32850810911,13,8.16281896829,
0,6.18671384326,1,9.51465835777,2,9.37543068838,4,0.539025354924,7,9.94549711627,8,9.88714906145,10,1.17805979579,11,5.62118210788,14,7.62761479301,
13,0.005,
0,9.97405882804,1,9.80592381241,2,9.99843468561,3,2.11238156528,4,9.9121848539,5,9.92768801371,6,9.75703215757,7,9.7219763814,8,6.9536552118,9,9.77367646258,10,9.60537970583,11,9.65151343854,12,5.25501813632,13,9.69288456793,14,9.87215827848,15,8.69102649043,
15,0.005,
0,9.97707199368,1,9.93028913257,2,2.97407956026,3,9.80057554127,4,9.94852286506,5,9.9986142388,6,9.67569955182,8,3.47947206997,9,9.55577475597,10,9.58249317366,11,9.7046683995,12,9.93159862703,13,9.64123828531,14,9.86784015532,15,5.74772270034,
3,0.005,
0,9.98480652243,1,9.18287218555,2,9.98621419937,3,9.98746782362,4,1.31800291311,5,9.78897640191,6,9.89569471683,7,9.93951455072,8,9.92144929781,9,9.98736758015,10,9.96479728659,11,4.20578719003,12,2.91195929216,13,9.91248303773,14,9.81367475824,15,8.26255114359,
0,8.83284510251,1,8.35776770772,2,7.76527284069,3,7.50694458311,4,2.22905807005,5,6.501998509,6,7.58279960719,7,3.64093356666,8,2.08140185347,9,8.79671892393,10,0.0565748287871,11,9.360975465,12,7.12956104335,13,8.78572278801,14,9.97660030147,15,9.02785602521,
7,0.005,
11,0.005,
0,8.29032407031,1,1.56481994677,2,0.930825797243,3,2.81215240834,4,7.24747475993,5,3.95727294768,6,1.02433073648,7,6.33418092147,8,9.83481150812,9,5.78842847455,10,8.85745792072,11,0.488248749879,12,6.78932907904,13,7.26758771682,14,0.958230497199,15,2.19355810926,
15,0.005,
0,5.94567848255,1,4.06735267698,2,7.85136115381,3,7.97237248196,4,7.30113629193,5,9.29127399107,6,9.83160590018,8,7.24233292103,9,9.93611681418,10,4.41241391169,11,7.27180804545,12,9.64449353385,13,9.38429510133,
13,0.005,
0,9.95627837064,1,9.98050492157,2,0.47681300585,3,9.91912667931,4,4.18391307166,5,9.9886157828,6,9.94307608383,7,9.9872662338,8,8.95931080939,9,9.94788730364,10,9.92374253512,11,9.81052182269,12,9.988765854,13,9.72731769367,14,9.89519628518,15,9.96073143129,
0,1.48120332242,1,8.8802217985,2,9.9548036369,3,9.87937202984,4,9.7605788354,5,8.96112738911,7,7.82741872936,8,7.91563372151,10,9.76637092525,12,4.31586969885,13,2.599947285,
0,1.88088291651,1,2.22941347933,2,5.29306006345,3,6.46881553558,4,7.1603002336,5,9.99672066729,6,9.80141868683,7,8.60246789373,8,3.5559616342,9,8.85439564933,10,7.75108456112,12,9.78915317584,13,2.63386234274,14,9.13004027128,
13,0.005,
0,3.08138788779,1,9.87500998241,2,9.85938931807,3,7.76508994651,4,8.1080960195,5,7.92324475679,6,8.35097009031,7,3.8446897362,8,8.44382247326,9,8.86762635476,10,5.60961965593,11,5.96537527457,12,3.79476772178,13,9.07161420293,14,8.54694645737,
11,0.005,
6,0.005,8,8.99844085419,
0,5.68298650114,1,9.9698834027,2,2.39757125706,3,8.44930913144,4,9.91058476868,5,9.89613195457,6,9.32465415767,7,5.24834981641,8,9.579063683,9,1.89685679536,10,9.79856913439,11,8.30412924165,12,9.55643952601,13,9.92363232534,14,9.84597781086,15,4.90268698853,
11,0.005,
0,9.32039602751,1,4.23907597844,2,9.91255778121,3,8.26340657614,4,3.55379307521,5,8.28096507398,6,8.03143011991,7,7.40536042818,8,1.39111673624,9,7.65622852145,10,9.55769042773,11,9.86104454185,12,8.05463848724,13,6.01254106503,15,6.2577011276,
14,0.005,
0,9.74230064289,1,7.53126700553,2,9.79497563017,3,9.92522498554,4,9.76122776938,5,9.83574485371,6,9.47827806772,7,9.40095980373,8,9.5347219836,9,5.16921170251,10,9.94450913814,11,9.56596458788,12,2.93143639647,13,7.91247290757,14,9.92548378045,
0,9.08472526592,5,9.39577023994,6,0.005,
7,0.005,
15,0.005,
0,7.14124309206,2,9.67503452366,3,0.005,5,7.51130655437,10,8.35991800586,12,9.78374205992,14,7.38825493787,
0,6.81118798938,2,8.26538035281,3,6.93175714469,6,8.09268387979,7,8.39746461837,10,0.005,12,8.86710265756,13,8.43555865621,
0,2.2249136496,1,9.23099548636,2,2.27775270348,3,9.12569842067,4,4.90268508849,5,7.31541718956,6,9.22054276522,7,9.02613915498,8,8.88951777681,9,8.19362176511,10,5.60856191894,11,7.8514903605,12,6.8896469411,14,7.61309708073,
15,0.005,
7,0.005,
6,0.005,
13,0.005,
1,6.51096501494,3,7.48865898238,4,9.78746388294,6,6.97008667353,10,9.81254781618,12,0.005,
15,0.005,
14,0.005,
3,0.005,
0,8.73363979807,1,8.71906167783,2,9.87148176328,3,7.96119256485,4,6.73177265089,5,8.70113005223,6,2.92385564837,7,9.67456376515,8,0.871479907287,9,9.20424779026,10,9.60235800009,12,9.54486057126,13,7.83715622004,14,9.82773747516,
0,9.81852358183,1,2.07886155349,2,9.74335400092,3,9.84856132946,4,3.46348837573,5,2.76562756545,6,9.58869934953,7,9.9164695523,8,9.83173626516,9,9.91442953338,10,9.71304043475,11,9.8910905422,12,0.755709035926,13,9.9333731143,14,9.35601980945,15,9.86861137889,
0,7.66573244684,1,2.29967277373,2,9.92230143299,3,3.1474954011,4,0.503465613505,5,4.9842568094,6,9.68314584551,8,9.61074795202,9,9.79916823896,10,5.95170655276,11,0.0225229409945,13,6.70962408297,
5,0.005,
7,5.92161971106,8,0.005,
0,1.8890055526,1,9.01682393776,2,4.77997411842,3,9.99851399252,4,3.70358071961,5,8.73618752269,6,9.9086234716,7,8.62751555746,8,8.77141749727,9,2.98724003989,10,6.08735193646,11,0.650376642295,12,8.63864008081,13,6.57128931416,14,9.47113123738,
15,0.005,
5,0.005,
15,0.005,
0,4.0186484402,2,9.76413871593,3,8.84441624984,4,9.18119470329,5,4.4959177077,6,8.76592434422,7,8.219139641,8,9.55633014672,9,5.50995139985,10,9.57070879762,11,4.06935364226,12,7.35433807761,
10,0.005,
0,9.74810070615,1,9.97937495829,2,2.16416431041,3,9.71465636689,4,9.95151239254,5,9.95353339562,6,9.97515111313,7,9.97471666648,8,9.98950491648,9,9.88437345532,10,9.92671341596,11,9.69969979809,12,7.81674033491,13,9.92908118841,14,9.2355061297,
0,9.92736792724,1,9.83047134223,2,7.95667408367,3,9.51211518059,4,9.91190922346,5,9.97345791723,6,9.26409199654,7,9.62743708994,8,1.07859697381,9,9.67861854463,10,9.94792404627,11,9.97796486912,12,5.57342072991,13,9.93452360001,14,9.69090403469,15,9.09051181829,
0,0.862219262914,1,9.86175141688,2,0.806938908568,3,1.28032932995,4,9.67605068359,5,8.36833933581,6,8.70707413381,7,9.51950263059,8,9.81835110569,9,9.49548122633,10,9.09048190523,11,0.0782366615801,12,6.58072939301,13,6.95573750861,14,1.9217430138,15,1.32973530556,
0,6.5590775849,1,9.24503412119,3,9.58173691361,4,9.45102354944,5,6.00088650643,6,9.47872800867,7,7.09223956079,8,7.84339569328,9,9.38579697751,10,9.91045392346,12,9.8225444859,13,4.26841245358,
0,9.55230025132,1,8.96269600245,2,5.49770732239,3,9.46323135449,4,9.23972460784,5,8.81692605135,6,6.38650844949,7,8.41859875735,8,9.24727324123,10,8.71339550966,12,8.81448859987,14,9.83286780753,
0,9.07547206441,1,3.91422269135,2,9.98089630659,3,3.4095050667,4,8.77749384586,5,9.27610103195,6,1.37745164874,7,8.57509718406,8,9.04698964016,9,0.505445325881,10,9.61063635747,11,9.40389030101,12,4.25244249965,13,9.01224590309,14,8.98774812562,
10,0.005,
3,0.005,
7,0.005,
10,0.005,
5,0.005,
0,9.5118802986,1,7.5960581951,6,9.89568764896,12,0.005,14,9.89981686681,
1,3.27043772186,2,9.9929649574,4,8.27817745061,5,7.39026544014,8,9.48995344702,9,7.08747059276,10,7.29075357217,14,9.65410743131,
0,2.03190972798,1,9.81634950492,2,9.76165319685,3,9.79242235892,4,3.86359137941,5,6.47770919082,6,4.1833158879,7,8.36469936287,8,9.51602368311,9,8.399535104,10,8.68814866448,12,8.95326791534,13,6.73573187728,14,9.1636981613,
0,9.96644721521,1,9.9979692496,2,3.44092004418,3,1.65680443049,4,2.2188808832,5,9.72108169094,6,9.93134086186,7,9.93116389883,8,9.60212051705,9,1.30674583746,10,9.8518555342,11,9.3411221646,12,8.57525217212,13,5.62783653145,14,9.84339266327,15,8.54589727624,
3,0.005,
0,9.0889021166,1,9.45351698772,2,1.61000398663,3,7.85681783624,4,9.78580810708,6,8.9061738768,9,0.005,11,2.74531791136,12,9.71679615427,14,8.95919510889,
0,4.27270837372,1,9.67764348343,2,5.3372463936,3,4.53800474428,4,8.60927665775,5,5.36409276221,6,8.57543816738,7,9.7832992199,8,8.90442619129,9,6.82904652316,10,9.96775595101,13,9.72818759564,
3,0.005,
15,0.005,
0,9.78421592613,1,9.82484551746,2,6.87540292464,3,9.87302352657,4,1.80232098216,5,1.6738185616,6,4.76789789218,7,7.5366335236,8,0.205128519142,9,9.82044001268,10,9.72438196644,11,0.80573329384,12,2.24909885773,13,9.63520074695,14,5.6449212196,15,7.86779713316,
0,5.76188584055,1,7.98338541479,2,6.89039576809,3,8.86763192393,4,9.82227040171,5,8.62742249567,6,4.51241241565,8,9.98998598729,9,9.70752349686,10,9.95515957051,12,6.36017806158,
6,0.005,
0,9.93044878965,1,9.80344304355,2,8.89939008115,3,9.8099008207,4,0.519052975762,5,0.077207633032,6,6.24916311321,7,1.9640883516,8,9.25682658824,9,3.18041045476,10,4.20311617273,11,3.28914146705,12,9.96072989656,13,9.97197280874,14,9.91758575507,
0,7.51377438706,1,7.50576469708,2,9.37214232776,4,7.55429248338,5,0.005,8,7.14822692475,10,3.66179583738,12,9.80112890588,15,8.43458336313,
0,8.82847840908,2,9.65359190189,4,8.970299864,5,9.00083129232,6,5.15701567269,7,1.70493511841,8,0.658785373711,9,6.92770987681,10,9.07879315752,
1,5.35662431827,2,8.53036471221,4,0.005,5,4.15716447092,8,9.4508434735,10,9.82510171187,
15,0.005,
0,7.38653521287,4,9.68459069974,5,4.76890812587,7,9.65768925113,8,0.005,9,8.75283651284,14,2.92228603735,
13,0.005,
0,4.65236716294,1,9.7700088588,2,9.98444998085,3,7.87344788869,4,9.88460338075,5,9.1443501255,6,7.09203518177,8,9.57491623707,9,9.3083759806,10,9.8308909317,11,8.21428211216,12,9.87345323181,13,5.76580757253,14,8.68981682051,15,7.4188696166,
15,0.005,
0,8.12873798915,1,6.28314316613,2,9.94368252503,3,7.80620209498,4,9.58061038518,9,8.66158178911,10,8.03529796389,11,9.11439924062,12,0.005,13,8.86272302975,
12,0.005,
2,7.63943964648,9,0.005,10,9.9841408496,
0,8.77073034767,1,7.13034272487,2,9.32598305275,4,9.07652548607,5,8.58766989204,6,0.005,7,8.4681732521,8,6.12925694977,9,9.83747371311,10,9.11915676518,11,7.39229152089,13,8.77384034012,
14,0.005,
0,5.79528647314,1,9.96390904648,2,8.85914220592,3,8.37363732347,4,9.41298639857,5,8.29495143227,6,9.36482218572,8,5.9834212095,9,9.31847915198,10,7.82645292166,12,6.30786633507,13,9.92396952578,14,8.8780097627,
0,9.9852161465,1,7.93903992437,2,0.829732524499,3,0.527357445318,4,9.98886549642,5,9.97892677471,6,0.541770296369,7,9.96118588036,8,9.95543109782,9,9.99948922456,10,9.98791551378,11,9.99245234029,12,9.92793146136,13,9.97207204296,14,9.99773488137,15,9.93978013814,
0,9.97163950391,1,9.64452765278,2,2.20846197507,4,9.82949774956,5,9.38425175728,6,5.56490469321,8,9.88852435438,10,9.91251100198,11,8.69055727308,12,6.39914766854,13,9.05005217336,
14,0.005,
0,3.7708722332,1,9.88548937898,2,7.70850320426,3,9.39943073023,4,0.381006833248,5,9.89924919819,6,9.93407169156,8,6.51526497901,9,8.78021813913,10,8.34685075852,11,9.59531076831,12,5.02410836193,13,9.3245039248,14,0.964562088437,15,6.204073283,
0,8.79234456541,1,1.3173714092,2,9.88652179492,3,5.5902201706,4,7.07257555005,5,2.19328498272,6,5.60822911371,7,9.93798505078,8,4.06120135058,9,0.111207443399,10,9.99509470625,11,9.76773441822,12,9.26859391783,13,4.36598376063,14,2.52118334673,
0,9.73503624574,1,7.0838984323,2,9.79097398799,3,9.94644721466,4,9.31433367605,5,3.29778642243,6,8.5865761496,7,5.5315268075,8,3.31972515696,9,9.82892537129,10,2.86869555066,11,9.93421994641,12,1.15906695712,13,3.98106359778,14,7.22051380415,
0,9.85033017597,1,4.12578757702,2,9.63854650415,3,1.09068587438,4,9.7559685672,5,9.27158087484,6,9.95035245608,7,9.7260230901,8,9.98456752552,9,9.98862597459,10,9.74481913999,11,9.95850535552,12,9.71455210191,13,9.69999217208,14,9.46150061773,15,9.94915949809,
13,0.005,
0,9.45720037696,1,8.85135060029,2,0.60836081793,3,9.51235376681,4,9.39698299287,5,1.79903595193,6,4.44331841279,7,9.83579329296,8,9.90878379102,9,9.70447560468,10,4.17860577991,11,9.74509978798,14,9.80597077631,
0,6.85218459124,1,3.63431527915,2,8.94907244353,3,7.31373585543,4,9.73802613302,5,8.60939546344,6,9.87746901472,8,9.01334648223,9,8.07892171239,10,8.91706810583,12,4.94612729306,15,8.51554494973,
5,0.005,
4,2.87585309249,5,5.74810818177,6,2.0418246625,8,8.14414315506,9,0.005,10,4.00230011768,14,7.03749186931,
7,0.005,8,4.52978733515,
0,9.99139016837,1,9.99083478938,2,9.97728159779,3,9.97135032014,4,9.98768726151,5,9.99972882007,6,7.11540638153,7,9.77298868924,8,2.06592534676,9,9.97513822414,10,9.98805668078,11,9.87225904207,12,9.98980856957,13,9.97192963871,14,9.84687790369,15,8.0500827181,
11,0.005,
11,0.005,
0,2.27460969853,1,6.83140354491,2,6.71832211751,3,6.58094543981,4,7.68036134035,5,2.54457529008,6,8.67113566594,8,8.39600787074,9,9.20399933325,10,9.88236593938,11,9.17601176296,12,9.53462602574,13,8.94357863569,
1,7.51269201145,4,6.77870984608,8,9.74575349564,9,9.51879312725,10,0.005,
0,9.13758796522,1,0.577704545103,2,9.93066145684,3,1.5924467826,4,3.43501866867,5,9.35706161666,6,3.47822708074,7,9.95346495706,8,9.96166759831,9,9.65503770171,10,9.39931783822,11,8.09153133429,12,9.1977205035,13,9.61385444155,14,9.66964316803,15,9.25292745689,
7,0.005,
15,0.005,
0,9.90671595285,1,9.06224340249,2,9.84025524969,3,9.91705741765,4,9.81268702632,5,7.9959660627,6,9.58783177948,7,9.72811186979,8,4.4011258054,9,8.36221210219,10,0.005,12,9.98824114054,15,8.18564907748,
0,9.75719223228,1,9.24405835543,2,7.36533854136,4,5.19441702069,5,3.31035416481,7,6.16545535379,8,0.005,12,9.28356509997,
0,7.3356450264,1,9.33009505146,2,8.00255197044,7,0.005,8,9.63081831692,11,8.106787633,
7,0.005,
1,8.2030619614,3,8.75464159664,4,2.4595777457,6,0.005,
11,0.005,
0,9.80856882393,1,2.57423155525,2,7.5955482295,3,9.6449198982,4,9.89836930221,5,3.42292711026,6,9.07287840201,7,9.35485560583,8,9.98516853711,9,9.86603195993,10,5.82508327363,11,9.42328467202,12,9.03109316733,13,9.66310087865,14,8.57559473023,15,8.67181608874,
0,8.0516146154,1,9.74093301216,2,2.04387820889,3,9.95584487852,4,9.97989972668,5,0.691686976554,6,2.06023576277,7,9.9964945899,8,9.96740283777,9,9.97547814491,10,9.8781377388,11,9.91483327915,12,9.98659994175,13,9.93422633306,14,9.93778129795,15,8.55550261807,
0,8.14140703184,1,9.99964262714,2,9.99520717147,3,0.546806215582,4,9.51519046936,5,9.99839826681,6,9.99500994413,7,7.80661758994,8,9.98841461488,9,9.95734636929,10,9.97667317481,11,4.40067075436,12,9.99887344823,13,9.98495679407,14,2.14521405588,15,9.67924675867,
13,0.005,
13,0.005,
0,6.29188093466,1,8.75594108734,2,9.47970819218,3,9.34353111917,4,9.60524782477,5,6.55371278737,6,9.554140899,7,8.993639665,8,8.53743972007,9,8.99794936768,10,9.42653855393,11,6.95836701,
0,6.66969006682,1,1.00039423697,2,9.88867073442,3,9.89514057682,4,9.90713070429,5,2.36352081214,6,9.61745495941,7,9.48331855709,8,9.92566597148,9,9.91471736373,10,9.15698188222,11,9.85748601688,12,5.25333604416,13,9.95751827311,14,9.88634524642,15,7.97346033924,
10,0.005,
4,7.79647851344,5,8.89777422195,12,0.005,
15,0.005,
5,0.005,
0,2.93143093209,1,9.3197491958,2,8.13183038669,3,9.8231241535,4,6.04341954765,5,2.21870788331,6,9.72402092749,7,6.37943558997,8,8.8333299513,10,9.62867947475,11,7.75439913845,12,7.73781210078,13,3.40640710811,
0,9.43261338166,7,0.005,
0,8.56904386568,2,8.78227660472,5,6.1358552669,8,4.90173719797,9,0.005,10,9.06888106359,11,8.75850602022,12,9.9105952761,
14,0.005,
15,0.005,
0,9.55485816984,1,3.54593675812,2,0.15913210693,3,2.15596352254,4,9.7635138539,5,9.66698767413,6,9.98493874518,7,9.50001247869,8,1.61031172305,9,9.76053025241,10,7.48469450349,11,9.60153400121,12,1.52697971527,13,7.76898152925,14,9.7843256026,15,7.4255466663,
13,0.005,
0,9.98570240325,1,9.9458667943,2,6.62404962484,3,2.08178427165,4,0.0642631517744,5,7.42343348879,6,9.46893218515,7,6.03381205826,8,5.57014990656,9,8.6834773281,10,5.83041408074,11,4.51787923593,12,9.89696914413,13,9.39885081576,14,5.84617673411,15,9.31166287678,
11,0.005,
10,0.005,
0,2.58052854055,1,3.62895447561,2,7.22592513641,3,8.99152731124,4,0.286279460536,5,6.20952718156,6,9.63135493534,8,8.63047299064,9,9.96533214451,10,7.28901790113,12,4.44460463317,14,7.59180769636,
15,0.005,
6,9.99749170107,7,0.005,8,9.65446448147,
0,2.77237513247,1,9.63830887758,2,9.67228277058,3,9.6674771829,4,9.56765411785,5,9.99836521283,6,9.43513977134,7,9.7217243535,8,1.87473610989,9,9.81780461278,10,7.76032317226,11,9.99705503521,12,9.75269058141,13,8.07318647598,14,6.63023452223,
0,3.37180684531,1,6.21693642503,2,9.77720853122,3,8.15640153742,4,9.95689320675,5,9.98482539879,6,8.79665502041,7,9.21964816541,8,0.393157747795,9,2.23286180548,10,9.92540166494,11,9.42174137517,12,9.88064985021,13,9.41524217199,14,8.51762039895,
1,7.20400602671,10,0.005,
0,1.64824311486,1,0.778307918897,2,8.33879727508,3,7.80597786528,4,1.35564030129,5,9.30852205481,6,7.66039576998,7,1.90096957852,8,0.884736838702,9,2.89496313301,10,5.46357664885,11,1.69465051859,12,7.33005934228,13,7.22763986781,14,4.22090860812,15,9.1396799429,
14,0.005,
6,0.005,
0,6.50017493485,1,5.64439734094,2,2.03014657959,3,8.88266650652,4,3.96608168814,5,7.46047534535,6,6.06273182852,7,9.15994875508,8,4.57166012726,9,3.82517027493,11,3.51221648961,12,9.13553017348,14,9.41764678615,
6,0.005,
0,1.41514849379,1,9.77786854138,2,9.73284626142,3,9.77792353248,4,9.99008079441,5,8.9027913047,6,9.9736527001,7,9.70592702958,8,9.82817405194,9,9.28862098924,10,9.72163126289,11,9.7360888409,12,7.71616382435,13,8.30541528574,14,9.67202736265,
0,3.84147214026,1,8.99891464011,2,9.81438511533,3,7.93277522894,4,5.56185143003,5,9.26184605816,6,9.55520237736,7,5.73096737131,8,9.86151755418,9,0.345959819355,10,9.44280079911,11,9.73449826547,12,9.91705017215,13,8.24894429953,14,5.17917217629,
0,6.04414736661,1,6.56914281662,2,9.43471245993,4,8.99178136214,5,8.55448930594,8,9.74462832057,9,7.12505691658,10,8.57511513179,11,0.005,12,7.86849436451,14,6.73769835212,
7,0.005,
5,0.005,10,5.65873171078,
0,5.63122472535,1,9.7779865302,2,9.48764624476,4,9.66497049582,5,8.45522096326,6,0.005,8,9.42478102578,9,9.85617008899,10,7.59984019175,11,7.48383474211,12,9.56060249001,14,9.37203500921,15,6.61681579751,
0,8.09999012812,3,8.71368664746,5,8.78535599952,9,9.56292194506,
0,8.12312979204,1,7.49864851305,2,7.92046731585,3,8.88827373776,4,9.97890508799,5,8.40841060936,6,2.20760409981,8,7.4533139011,9,8.43083739027,10,9.62303586611,12,8.80790257821,14,9.80434055599,15,8.42521295681,
10,0.005,
0,9.78652173827,1,8.47510164763,2,9.79611639271,3,9.96833261853,4,9.77137143925,5,9.24331334007,6,8.24559942769,7,9.55239524,8,5.71001808735,9,3.82816412387,10,9.62908460584,11,9.36857240912,12,5.17500553248,13,9.93615403376,14,9.92270930655,15,9.64386097267,
4,9.43392040841,6,0.005,
7,0.005,
0,3.59909960345,1,8.96025431587,2,4.73849667157,3,3.66362333549,4,9.48769028567,5,8.74999254117,6,9.53756996068,7,7.47677922453,8,9.55351480928,9,4.88427734047,10,2.64631057301,11,6.5200678796,13,8.80601621441,14,9.98186852822,
0,8.64013751185,1,9.82115162623,2,8.87146881374,3,8.18363745911,4,9.16829300092,5,6.98467118341,6,0.511947809756,7,9.83922694073,8,6.69623286669,9,8.86816891061,11,2.64829621907,14,8.80896524456,
13,0.005,
0,8.39324707999,1,0.005,7,8.78398033373,9,9.83680692263,10,8.51425635825,
0,9.87124506277,1,9.97522599454,2,9.98669017602,3,9.86727823758,4,9.97353720043,5,9.73720161891,6,9.93585952863,7,6.39385206212,8,0.743680913375,9,9.95245800674,10,9.95784023732,11,9.96551829063,12,9.90890337506,13,9.95312704449,14,9.89879957415,15,9.57011214911,
0,2.1893696846,1,9.11551563429,2,9.85499123914,3,5.61709306409,4,7.8409419317,5,9.83086075402,6,9.34062894644,7,8.65569187996,8,9.9228046883,9,7.67332598714,10,2.97123913703,11,6.83708317223,12,9.72740338985,13,7.52231044562,14,9.06690784546,
0,0.795413056515,1,1.47566701938,2,8.76028759394,3,2.64181999969,4,8.19076144464,5,5.31986839305,6,9.13294100884,7,4.53648377943,8,4.44359834459,9,9.20915627847,10,2.21740402302,13,2.21762182216,14,3.42106324417,15,7.20625040428,
0,7.93474335616,1,9.31518706928,2,9.61088155587,3,3.87153979934,4,5.40267228682,5,9.19010700378,6,9.69954186583,7,9.70644857543,8,2.77752560568,9,9.67225199254,10,8.35759742097,11,7.22617298487,13,9.95477547471,14,9.62840859081,15,9.52796696478,
14,0.005,
0,9.97205936692,1,9.93990341975,2,9.92257649863,3,9.90090251725,4,0.529033295864,5,9.98467290245,6,9.88280904947,7,9.70744104752,8,9.46297168483,9,9.80367032738,10,9.90728500861,11,9.6810581569,12,5.12331635257,13,9.77953708063,14,9.82592699737,15,9.46953867524,
0,1.76232561181,1,9.89750988897,2,9.13407971412,3,1.76429245547,4,6.25182815945,5,9.93043413895,6,9.75637930455,7,9.94335122042,8,9.58577353369,9,9.29450744042,10,9.40737336227,12,9.08560085156,13,9.30830015707,14,7.74445276446,15,6.11473991741,
0,6.38943723415,1,4.85414551498,2,0.398459056088,3,0.453722993171,4,3.49131862904,5,0.969311634845,6,9.32877555608,7,9.00664784897,8,3.83108520832,9,1.30921712682,11,6.03009854391,12,1.93853726067,14,4.77227430928,
14,0.005,
0,8.09421695287,2,9.73983476659,3,4.51995951863,4,3.22311169437,5,9.81327508557,6,5.25600912221,8,6.44809402802,9,6.70143232861,10,8.8925994271,11,9.15609990544,12,9.76009612293,
14,0.005,
2,7.39603855947,6,9.02799203241,9,0.005,
0,8.00389704161,1,9.9588132599,2,9.96895396951,3,9.9281442468,4,1.30093478333,5,9.76751713064,6,9.9778409075,7,9.9478634278,8,9.99945725982,9,9.98641494646,10,9.95910663558,11,9.78679640999,12,9.57081033048,13,9.82212336803,14,9.11458721989,15,9.89569551043,
0,7.94194778608,1,9.38736903846,6,9.43791278269,9,9.70681694492,
15,0.005,
10,0.005,
0,8.95985264263,1,6.67397122146,2,5.70822169658,3,3.97789454285,4,3.78529808969,5,6.91394608666,6,9.53275882563,7,9.24739277696,8,0.749618967032,9,2.74419609496,10,0.0573916743664,11,3.47075817301,12,7.39364623003,13,9.4859552595,14,9.95887191403,15,9.46008085617,
0,8.65522643161,1,9.94484330595,3,8.67198507205,4,9.82108179185,5,6.67493398509,7,0.005,8,5.19031336223,9,9.53731673722,10,9.61706818587,12,9.58596255642,
11,0.005,
0,9.92348631406,1,0.631654810433,2,9.94586154967,3,9.58160624367,4,0.833054579013,5,9.8598657364,6,9.88211466825,7,9.94368295365,8,9.90817200974,9,9.86725613602,10,4.66689775626,11,9.73257743039,12,9.73616975298,13,8.59143940466,14,8.91045912691,15,6.73712073107,
7,0.005,
15,0.005,
9,0.005,
0,4.82531855344,1,9.82787889697,2,8.93024003461,5,7.75592734117,6,6.46114963265,7,8.5851886507,8,9.94034413841,9,9.2484791418,10,9.61786045498,11,5.98824319049,12,9.89217487851,13,7.5909945073,
15,0.005,
0,9.98880289937,1,9.95030650922,2,1.94056142152,3,9.99544819621,4,9.98682302833,5,9.99321415467,6,9.97839463967,7,9.88135229623,8,9.99341392062,9,2.30269369056,10,9.9978499803,11,9.89780460095,12,9.96114407459,13,9.90756511212,14,9.9557755966,15,9.98749619578,
15,0.005,
0,5.47507823961,1,5.67609394314,2,9.93398188055,3,7.81133809618,4,8.67421991301,5,9.0326763449,6,4.100454176,8,4.08711324623,9,6.66636463967,10,7.2169345169,11,6.32114347848,12,8.36361107851,15,9.1960888461,
12,0.005,
0,9.9924927331,1,9.98966652768,2,9.99078918521,3,9.9769846515,4,9.99639355967,5,5.60038731433,6,1.75054420503,7,9.86175184911,8,9.99710013303,9,9.99028338,10,9.993165026,11,9.87656200898,12,9.87168479048,13,9.87111630392,14,9.96567251532,15,9.64426440405,
0,9.9863949273,1,3.45621781833,2,9.55715940941,3,1.12924929469,4,5.87221128733,6,3.21324587927,8,6.59984885619,9,9.42544617334,10,8.5585234274,12,9.69082527244,13,1.73395590526,
1,0.005,3,2.57583230226,4,2.43419199009,10,7.94839754484,12,9.70787919533,
0,9.93584943455,1,9.77707815485,2,9.25577416686,3,9.99281509448,4,0.156807146106,5,8.88670143791,6,9.48256424365,7,9.63680694047,8,9.79182184318,9,8.3682340115,10,5.70657345622,11,8.20015392122,12,9.22264303443,14,2.96215510278,
0,0.539411537049,1,2.90317654213,2,8.60797470651,3,8.46245015834,4,9.87216844576,5,9.02295756554,6,6.10973541008,7,8.94116697827,8,0.473997980737,9,9.95177320264,10,9.36816022502,12,9.5532788375,14,6.34322640241,15,9.42152043518,
5,8.87995581062,10,2.95088573107,
13,0.005,
15,0.005,
12,0.005,
0,2.53984289722,1,7.37105004883,2,0.777574892758,3,8.55297783265,4,7.06804153894,5,9.12226625109,6,3.72932505945,7,8.96261697456,8,9.99468713798,9,9.96056027803,10,9.88858089541,11,9.47530463565,12,5.17115749657,13,7.57062601051,14,9.83015106424,15,8.73266188488,
13,0.005,
0,2.04799393897,1,9.87691928559,2,9.8907980868,3,9.44412538802,4,9.97161407717,5,5.24099876132,6,4.22071177097,7,8.85700434369,8,9.89156751255,9,8.55407789714,10,9.65933460623,11,3.13888231326,12,7.30207960448,14,9.27343475595,15,3.72067591897,
9,0.005,
0,5.6831542346,1,9.99402429779,2,9.91170726468,3,9.9418941684,4,6.17067564874,5,9.89581201133,6,9.91395410314,7,9.83200261063,8,9.8556201128,9,9.93196222152,10,9.69421649159,11,9.97978494535,12,0.685230055993,13,6.09433544901,14,9.75511721094,15,9.89281921992,
7,0.005,
14,0.005,
13,0.005,
0,8.65785095019,1,3.90205834005,2,8.42837008482,3,4.82977726026,4,1.50892658344,5,5.35619164636,6,9.37709807216,7,9.46089236926,8,4.98849746804,9,0.878487175177,10,0.0929585235386,11,8.00107822878,12,8.33460239819,13,9.89458875598,14,9.31686856938,
0,3.16035605808,1,8.42354149661,2,8.47335847954,3,9.26647390878,4,3.3499812453,5,9.62595404397,6,6.32492714485,7,7.54391337444,8,6.95572903546,9,6.17396341962,10,9.77991195386,12,5.07358932869,13,9.97415908854,14,9.47248109367,
11,0.005,
11,0.005,
0,7.0024753611,1,9.0621753423,2,9.23318689227,4,7.5186540899,6,9.50006925435,9,9.31254558975,
15,0.005,
1,5.81144543948,2,6.76909498271,6,0.005,9,7.64279920927,
0,6.55780904278,1,2.18748452208,2,8.4296942327,3,0.930536876523,4,9.66119220352,5,8.14048563249,6,9.21713349165,7,8.48825173045,8,9.53153748622,9,9.9828378464,10,3.90021626596,11,9.17001317799,12,2.18360328506,13,8.62130772798,14,9.08448406911,15,7.55759228284,
0,9.94518030081,1,9.94426650131,2,2.5981904656,3,4.93542473515,4,6.96072366414,5,9.90389676602,6,1.3817417959,7,9.99490103954,8,5.30573038618,9,4.43541696482,10,2.06697244404,11,9.9932203474,12,6.37827387026,13,9.86976963475,14,9.99286934062,15,9.74977357788,
10,0.005,
0,9.69414075851,1,7.3918369812,2,7.51967598359,3,7.42713065818,4,3.35160299658,5,9.98296407561,6,8.80661997621,7,0.005,8,1.43169515861,10,7.17309117444,12,6.75844435754,15,9.07838378499,
12,0.005,
0,9.9939653295,1,9.98354905334,2,9.95945994844,3,9.92087195677,4,2.93040275737,5,9.95650861482,6,9.86757339031,7,9.86976795396,8,2.37486166242,9,9.79548038902,10,9.98555384839,11,9.98410973238,12,9.94489772326,13,9.96613279413,14,9.91579450893,15,4.56993447964,
0,4.93735248556,1,7.45063073731,2,7.7523679799,3,7.33877193249,4,7.62032537309,5,0.005,6,8.46998083237,8,4.10251438964,10,9.30897879582,11,7.65909498248,12,9.85790976362,14,7.5040073517,
0,7.26798378223,5,8.50032997194,6,8.91659093104,11,0.005,
0,6.4135299703,1,9.54154984467,2,4.05894618303,3,9.47303431545,4,9.36833796928,5,4.64884946923,6,9.52459052453,8,9.34046962788,9,9.1930021406,10,9.92608301927,11,6.41675600358,12,6.20116494395,13,6.75594429516,14,5.90820362169,
0,3.58530291044,1,4.54910777865,2,0.824753489296,3,9.38278412898,4,1.70816097306,5,8.27359360393,6,7.07487005121,7,5.72973905515,8,0.0167732384938,9,0.717474941749,10,6.84758426285,11,6.21591674677,12,4.18350710154,14,3.90811430383,15,5.49101347732,
15,0.005,
0,7.32789065152,1,4.78538772204,2,9.41772715581,4,9.8163261127,5,9.9672867907,7,9.52365907908,8,8.83839794989,9,5.46624514612,11,9.67582948019,12,9.2787862632,
15,0.005,
10,0.005,
0,9.9143641141,1,6.15695502793,2,9.63429097022,3,9.65450123038,4,7.90507825848,5,8.6115615519,6,0.005,8,9.25725089828,12,7.37755342393,13,9.45460193911,
0,9.74389973453,1,1.71650940172,2,5.29374819955,3,6.52327095265,4,2.22483693631,5,8.03427471039,6,9.3978580105,8,9.78019229979,9,7.52156701473,10,9.83666649803,11,8.40222019769,12,5.70525105262,13,7.80276619032,14,9.8377866222,15,8.29774752115,
10,0.005,
11,0.005,
15,0.005,
11,0.005,
11,0.005,
0,9.3093258429,1,8.05788250755,2,5.54131093323,3,0.005,4,7.47704322413,5,9.56844254458,10,9.47641919044,11,9.40279760768,
0,9.60302348371,1,7.86342860497,2,0.921416539123,4,3.66226031828,5,7.65118003513,6,3.89865109091,7,7.9556839297,8,8.31581959937,9,8.92958289641,10,0.466930435745,11,8.62661238143,13,8.9099788346,14,9.36618067585,15,6.22427558079,
0,8.57662348363,3,8.78238073231,4,7.82028597264,5,9.39721850963,6,8.64287026107,7,0.005,8,6.58137481266,12,9.26839149785,
0,2.41472948225,1,9.89065442121,2,0.541600661403,3,9.73482579287,4,9.94954469286,6,9.73225010209,7,3.91683219118,8,9.88204218087,9,2.92770839779,10,9.83364704247,11,8.24080756343,12,0.005,
0,6.51648595279,1,7.29002996995,2,8.22529657587,4,8.76787193618,6,9.34619212246,8,9.8663643113,12,9.99480861441,
0,3.02661191054,1,3.6033190907,2,9.88339427359,3,1.95683674955,4,9.65046361453,5,2.8887356057,6,7.55489975521,7,9.64503266959,8,9.36028678419,9,7.68930647807,10,9.4664414734,12,9.629251729,14,0.490941004034,15,9.32626603698,
0,9.64793057996,1,4.43873792179,2,9.44316521643,3,9.91142894852,4,9.66919229461,5,9.79056750695,6,9.10447007758,7,8.9715798688,8,7.97111339286,9,9.97862633848,10,9.74799348261,11,8.74255822987,12,9.44589618664,13,9.64166886925,15,6.85430612348,
1,0.005,3,9.81008374112,6,5.67111652009,8,8.23346355798,
0,0.135519136186,1,7.20120993094,2,8.76949925406,3,1.98748316551,4,4.35502164499,5,9.91696128173,6,2.03143806527,8,9.58206513391,9,7.66044410159,10,9.56935723441,11,9.82231858968,12,9.93080210787,13,7.99778882525,14,5.60466126707,
0,6.08315685599,2,7.58974856198,3,7.78710115948,4,7.60956504134,7,8.40074599604,8,7.87440420252,9,6.99851208602,10,9.37363599401,11,0.005,
14,0.005,
0,9.91898680854,1,3.37136576581,2,9.95483140988,3,9.99847380498,4,9.96909433908,5,9.83810908645,6,9.90644833882,7,6.50484107363,8,9.99408374463,9,9.99986338426,10,8.11876201703,11,9.94617300095,12,9.87704977952,13,9.91648298209,14,9.95763248575,15,9.82177116632,
15,0.005,
0,8.98582290849,1,9.31566885131,5,8.38506062257,8,9.24802460669,10,0.005,
6,0.005,
0,9.13175144543,1,9.13468239993,5,0.338237122781,6,3.93084200977,7,4.84225142754,8,0.005,9,9.65724845267,10,8.64850537222,11,9.37679558648,14,9.65477781932,
12,0.005,
3,7.23678983213,8,5.48320942024,9,6.98315212309,10,0.005,
0,4.66353160701,1,9.52936958384,2,9.65918987198,3,9.18713824221,4,9.74715627989,5,3.18175748756,6,9.90250378586,7,5.04119715435,8,3.68725345314,9,9.07931546364,10,5.84628322926,11,9.93057481316,12,0.337874750838,13,8.87845165333,14,9.54335900331,
12,0.005,
0,9.57527413036,1,9.8941531105,2,9.90328233332,3,8.84094523161,4,8.72149210865,5,8.99222898614,6,8.73157002921,7,9.11539636692,8,2.87301956047,9,8.72884104496,13,7.5373039452,14,9.94656303309,15,8.68984155942,
14,0.005,
7,0.005,
14,0.005,
0,8.1064961371,1,9.97198547349,2,9.98351619849,3,8.79329311225,4,2.78227634625,5,2.62970354975,6,9.79811274699,7,6.83361830291,8,0.421095794628,9,9.94959336736,10,6.99215764176,11,9.82404411918,12,0.648372767253,13,9.98714547238,14,9.10432134726,15,4.31033252314,
6,9.07884271614,7,0.005,8,5.83824320313,
13,0.005,
14,0.005,
0,3.13751956602,1,9.76828039253,2,9.78682461954,3,6.3716012601,4,9.49580005184,5,6.13471416811,6,6.98921337662,7,5.05338816651,8,9.98609334525,9,9.26794292916,10,8.3484016803,11,9.91535372344,12,9.6187969103,15,3.80698565174,
0,9.88367836872,1,4.15880079755,2,4.0457584144,3,9.849057879,4,0.51245782293,5,3.81642712393,6,9.98480967037,7,3.66349626343,8,9.84116480584,9,4.47235708721,10,0.302517480022,11,9.97349343645,12,1.24926721504,13,8.56980696294,14,3.77296016573,15,9.27025507958,
15,0.005,
14,0.005,
0,0.90820759313,1,9.49147838718,2,9.79794060298,3,6.72360884072,4,9.88886448448,5,4.32451264387,6,9.69978850494,7,2.69147635241,8,9.9717895267,9,9.76171628525,10,6.89028229204,11,9.23254397992,12,8.95667362308,13,5.0163856227,14,3.96684247232,15,3.34051562079,
15,0.005,
0,9.26529010458,1,3.80258403837,3,5.04643734283,4,4.10502004634,6,9.24009552528,7,8.50500279888,8,9.36950900679,10,9.76454645904,11,8.5617650548,13,7.97810428992,14,9.99924303034,
0,9.48469978067,1,0.005,2,9.26070617427,3,9.53016362614,4,8.63017116095,6,2.61231952641,8,6.96085982504,9,2.8635167138,10,1.20535788865,12,8.70618745485,14,8.46971874521,
14,0.005,
1,0.879903886816,4,8.17529606921,10,6.72106216323,12,6.09584760479,14,9.62179457468,
0,8.07832276305,1,9.96778545327,2,3.06559751607,3,6.41629036853,4,9.73354676271,5,7.64156129636,6,8.4604758842,7,9.9639221743,8,6.66574665772,9,9.20366517804,10,2.13417773212,11,8.16322239137,12,8.99543738734,13,9.41888276641,14,8.48175179764,
0,9.95560825209,1,2.46887632892,2,9.89972932088,3,9.77100455417,4,9.9640476308,5,9.97562265927,6,9.91683068959,7,9.56701370578,8,9.98941371588,9,9.93554386878,10,9.44724433419,11,9.91094889772,12,2.83113590338,13,9.99024246578,14,9.58544289813,15,8.77213312778,
13,0.005,
0,1.22067569717,1,5.26422653201,2,7.38936368046,3,6.20744102351,4,8.52408413652,6,3.76276256686,8,9.98941398461,10,4.09114525749,11,4.41045195095,12,0.005,
0,9.01782489846,1,0.005,2,7.48778406504,3,5.65969698775,4,4.56972874939,7,0.216463569858,9,9.57403630086,13,8.95712284132,14,9.54764181753,
0,6.82811857307,2,8.05554146146,3,8.6537950182,4,9.38549030756,5,8.56117102903,6,4.78399205618,8,9.43492386692,9,9.35363662592,11,9.03579893897,
0,9.94242595753,1,1.3429548485,2,7.66487769576,3,9.72145241748,4,4.43974784198,5,9.9804372687,6,8.43458038351,7,8.75404303616,8,9.80457328545,9,2.04231869081,10,9.2708951415,11,6.8703016725,12,8.7042484331,13,8.44611143251,14,5.23265490476,15,6.58742352876,
0,0.77100708094,1,1.13244176803,2,3.80259777256,3,1.76832224573,4,7.64059743451,6,1.56692532878,8,2.27635650246,9,5.13972220465,10,4.50393283238,11,6.91291842812,12,6.02390918476,13,0.781786196345,14,5.75184863742,
0,6.28494331711,1,9.98460453235,2,9.74171140098,3,8.30953302646,4,9.87743953422,5,9.79200831479,6,9.7199593003,7,9.64714336992,8,0.923893363122,9,9.98532917348,10,9.01574783552,11,9.61828420184,12,9.93861134878,13,9.35428439008,14,9.03173191344,15,9.30170551003,
10,0.005,
0,1.47973266222,1,0.182897702664,2,9.60370173321,3,8.10390504053,4,9.57983671218,5,8.77660902711,6,5.38856732405,7,9.03573516766,8,3.8727668042,9,6.45989003387,10,0.964574433352,11,9.15595470018,12,0.780660863165,13,4.24017281071,14,8.32126159246,15,8.96297520093,
0,9.70108600718,1,0.617238099167,2,9.93694029695,3,0.0348789618795,4,2.29644567165,5,7.09899867909,6,5.07983452725,7,9.64990673839,8,0.782973880723,9,6.93302430159,10,9.5725726568,11,0.417029493604,12,0.424864479041,13,8.87173328654,14,0.760093873943,15,6.51097769668,
0,8.69480592754,1,2.9770696701,2,0.407403727638,3,6.91660868004,4,9.59726495552,5,8.44681731403,6,6.22657006267,8,6.18731511695,9,2.04004176284,10,9.14017338523,11,8.0630087243,12,2.26143626812,
0,2.54336689441,1,9.99130701559,2,9.58065142216,3,9.77734143211,4,8.56516797505,5,8.57183804367,6,9.02032258243,8,8.43335665386,9,6.72445253954,10,7.83106786581,12,8.76647516855,13,3.94173834307,
0,9.83897845542,1,9.3137749695,2,4.53389899991,3,9.8077801041,4,6.01991502715,5,9.58298173699,6,0.728015864286,7,9.42345297877,8,0.349116034227,9,9.90108489763,10,9.84570261467,11,9.44240804896,12,9.1451748428,13,8.41125735398,14,4.34501433749,15,4.37576663461,
0,1.3069263809,1,9.65777860411,2,9.94888800525,3,8.36433100394,4,9.28181293479,5,8.49836493724,6,6.8222089947,7,6.88538492501,8,9.7379523376,9,9.23664845945,11,7.17460778716,13,9.77034444257,14,9.77313405428,
0,4.74762038867,1,9.87738396666,2,8.70106908369,3,9.90850331119,4,3.61352897704,5,8.41053116242,6,9.81636839756,7,9.5148784481,8,6.91110488168,9,9.78880316268,10,1.4855002287,11,7.62237007293,12,9.99473175654,13,9.90497682132,14,8.7047748473,
0,9.74733649418,1,9.71705852884,2,9.92004070823,4,9.83236930028,5,9.43110026717,6,7.53178714787,7,9.72666374018,8,3.12324423995,9,9.95354233119,10,9.80227684375,12,8.5105195967,14,7.21268314993,15,9.2666772547,
0,6.59557042464,2,7.47314413491,3,7.66302722743,5,7.51952951718,8,6.65914664246,9,7.22090899292,14,0.005,
0,2.01595985468,1,9.99886883033,2,9.48193779975,3,9.49824024573,4,9.96197534734,5,9.99873037242,6,9.62551443884,7,3.08563052221,8,9.84012063835,9,6.26048843988,10,4.106356799,11,4.95596564335,12,9.95179948103,13,9.92451850516,14,9.45078130244,
15,0.005,
0,9.97259407368,1,9.83897901108,2,9.82080905715,3,5.84613799722,4,2.77541505131,5,9.9404132279,6,9.79961977103,7,9.96502678344,8,6.69481236905,9,2.82717453235,10,9.78478266143,11,9.25115527243,12,9.54075994181,13,9.94338310292,14,9.95696627592,15,9.78631158543,
0,2.20655307879,1,5.2327185449,2,9.98740209697,3,8.53833818494,4,9.91831984999,5,9.5744950573,6,9.90229079918,7,5.93718111784,8,9.69153745847,9,9.35376158696,10,0.560004348424,11,9.75918031693,12,9.88078328853,13,8.62191615981,14,9.13292823016,
0,8.67932859344,1,6.2021973142,2,9.26051477934,3,8.45870919206,4,2.18689214869,5,9.92002692933,6,9.68157862267,7,9.51518485026,8,9.73185567303,9,9.19495855281,10,9.50792899826,11,8.5168265707,12,0.938201066242,13,5.3744792815,14,9.39902836785,15,8.59220965129,
0,1.69647220161,1,9.96699993179,2,9.58002168599,3,2.42568486651,4,5.46007858979,5,9.52998256255,6,8.84538632359,7,6.54479829719,8,9.34059495692,9,9.51201551042,10,9.46239407147,11,9.89677385968,12,9.17453650752,13,9.64850810579,14,2.73084784423,
0,9.53928118054,8,9.8498911041,14,0.005,
0,0.833099464962,1,9.88028454935,2,7.11939917282,3,3.8739804972,4,1.82621718449,5,9.87251041939,6,9.52874032446,7,9.64695898977,8,9.7489387324,9,9.57283061862,10,7.04305651111,11,3.7930558257,12,9.204753425,13,9.27874750674,14,2.33326823377,15,7.56528503175,
0,1.9863200488,1,0.421774106579,2,9.50224102996,3,9.73574300904,4,9.01644933587,5,7.91506988725,6,9.27949725059,8,3.83661794301,9,8.98182263879,10,6.61839709477,11,2.89067116696,12,9.81719986491,13,8.49918875969,14,3.23832699001,15,4.35242537615,
3,0.005,
0,9.74038015637,1,4.92299344544,2,9.85174145838,3,6.54284061481,4,0.005,5,6.58258266318,6,9.77412305018,8,6.43251548334,12,9.99168007816,13,2.06966223948,
0,7.04858117369,1,8.83264215534,2,9.77899000729,3,7.80115545148,4,1.35892747669,5,5.89232053032,6,9.00268977917,7,8.95223786408,8,8.7056787615,9,9.20817675928,10,8.82907286279,11,8.36388809945,12,9.99175192054,13,8.42889063181,14,5.20338186258,
7,0.005,
4,0.005,
0,3.53732234042,1,9.56079498005,2,9.0546411263,3,9.72895258368,4,9.66337601786,6,0.005,7,6.28765014968,9,9.09278087582,12,9.9017308356,15,4.5580140535,
9,0.005,
15,0.005,
9,0.005,
0,4.68319975578,1,7.46418045816,2,7.54536781298,5,2.96580699956,6,9.28758384984,8,0.005,9,7.7153433139,10,9.45775543959,11,6.07701173123,12,6.28492757345,13,8.58037822047,14,3.46611128147,
14,0.005,
10,0.005,
13,0.005,
0,9.97968046191,1,5.87411133235,2,9.5339619387,3,9.9903945457,4,7.68977494373,5,8.51324301676,6,9.7250010552,7,9.91822853722,8,9.84326869372,9,9.70008455258,10,9.97985887472,11,2.85885046328,12,7.24356085474,13,9.77604562792,
7,0.005,
0,9.85932110139,1,9.32562329623,2,2.3017666784,3,9.53603181945,4,8.54997895685,5,5.10323779765,6,9.10194115405,7,6.12163506079,8,9.84712845385,9,5.35015169888,10,9.40149290193,11,9.45767149857,12,9.97869556741,13,7.27131881792,14,9.92146612922,
0,9.87236942276,1,9.94373633831,2,2.04213474791,3,9.80768418335,4,9.97498873605,5,5.89516934737,6,9.9973722751,7,9.95154475986,8,9.91091262504,9,3.95102555555,10,9.9807973226,11,9.88457665962,12,9.95873892627,13,9.95156114305,14,9.78412293174,15,9.12460107718,
12,0.005,
4,0.005,6,3.35239299459,9,5.3640467883,
2,5.39038655266,4,0.005,8,9.0399336909,11,9.99188189568,
7,0.005,
11,0.005,
0,9.99404911845,1,0.902945829855,2,9.91458464219,3,6.93049293362,4,9.7090676987,5,9.85100933407,6,1.56139510236,7,9.87001543552,8,9.88681925838,9,9.87137231569,10,9.98067738102,11,9.90546734549,12,9.96612885932,13,9.61738663707,14,9.94077821079,15,9.31884816417,
0,8.66321406684,1,0.383010565153,2,2.92432704739,3,0.152676085072,4,0.0756984753126,5,2.80895780615,6,2.45855900862,7,2.73027689776,8,5.78484696458,9,1.7388571349,10,4.8526443427,11,5.09523433924,12,9.63327454986,13,9.76706408284,14,5.62329244873,15,9.71127849166,
10,0.005,
15,0.005,
0,1.69984443561,1,9.81008455825,2,9.70871107568,3,8.41906482314,4,6.79330919197,5,9.4959095161,6,7.92485592832,7,9.8000057437,8,9.93569958653,9,8.05795544545,10,9.59017943753,11,5.14264718059,12,9.51329912987,13,1.64294469919,14,5.26492116306,
2,9.74910503938,12,0.005,
7,0.005,
13,0.005,
6,0.005,
11,0.005,
0,9.42111480726,1,9.55272678165,2,9.94622187569,4,8.8727766543,6,0.005,7,9.28298791378,9,3.68635593587,10,9.40628689992,14,9.34403031339,
0,9.99066414159,1,9.96597775794,2,9.99556118174,3,1.27003206441,4,9.91022841601,5,9.9981715603,6,3.23969767864,7,8.36872983025,8,9.82998436121,9,2.5350551566,10,9.91373466758,11,9.76554137592,12,9.78274072729,13,9.97716119024,14,9.95595111477,15,9.37445495524,
11,0.005,
5,0.005,10,9.52939627995,
6,0.005,
3,0.005,
7,0.005,
0,9.94130623933,1,7.32960950801,2,9.3089135937,3,9.98752559417,4,1.63407471544,5,9.92148587774,6,9.45912155062,7,6.92296729762,8,2.18488810591,9,9.79941852382,10,9.93502598557,11,4.63801054258,12,0.461889796052,13,4.35555833891,14,3.40413383099,15,2.21084543124,
0,8.68720336352,1,2.07269333817,2,1.19436605242,3,4.24900915237,4,5.85140756938,5,0.760868324276,6,9.64829749061,7,3.79091259904,8,9.92605638154,9,5.39020948897,10,0.857740383143,11,6.76224190094,12,6.70897925384,13,9.62756767697,14,9.80232585948,15,1.26817281011,
15,0.005,
11,0.005,
0,9.46862576327,1,0.005,2,9.81857927651,4,1.45243899667,6,9.85983206339,7,9.6902769258,8,8.87024900986,9,9.16139942914,10,4.31477719278,11,9.60916411734,13,8.4474848887,14,8.80322463032,
0,9.04208847772,1,2.72576395572,2,7.5148391164,3,4.45539690625,4,6.56791584184,5,0.490710078779,7,6.6635227566,8,5.23901167769,9,2.17185995705,10,3.36065711501,11,1.78100971976,12,9.05777025336,13,9.59366464134,15,7.2937132547,
0,3.02359066065,1,8.77847083682,2,4.30642923877,3,9.35477931902,4,7.75994996111,6,6.12397428235,7,8.10947701755,8,9.81676169115,10,9.89172186012,11,5.21370453385,13,4.12065134476,14,4.513436139,
1,6.00137958518,6,0.005,8,8.59931472949,9,6.93399057202,
0,9.9946019342,1,9.9369692886,2,9.97795374497,3,9.90290864651,4,1.10550794691,5,9.89401468599,6,9.87984044453,7,9.77841952999,8,9.97066337106,9,1.85553366265,10,2.16943629823,11,9.58376069402,12,9.91226209281,13,9.66796498623,14,9.22281991436,15,9.86271815234,
0,0.956138956631,1,9.62687539202,2,9.84669342665,3,1.54080351631,4,9.91237896865,5,2.19032210736,6,8.89301534334,7,2.72370875175,8,8.319561124,9,1.025452246,10,9.02542555929,11,9.85053651361,12,3.39149023861,13,4.3528444719,14,9.47211897274,
0,0.205679251516,1,9.99419738985,2,7.02339742449,3,9.37112714117,4,9.7988167629,5,9.04078703548,6,5.30876975443,7,9.18177862108,8,8.30781121782,9,9.09916462501,10,9.68414803004,11,9.99514018274,12,9.62402634007,13,9.38863285916,14,8.27865289282,
6,0.005,
0,7.83325965438,1,3.71135533091,2,0.135528289829,3,0.833123167129,4,0.00781199845143,5,4.54274024002,6,4.2114559447,7,9.70218434518,8,9.94232391359,9,9.98023803561,10,3.01428882676,11,9.02012673648,12,9.65384818512,13,9.75623862544,14,0.500618409393,15,6.11388452698,
0,8.92258295408,2,9.72615920789,7,0.005,8,9.79988706944,
7,0.005,
12,0.005,
0,5.50460102385,1,6.79207185607,2,7.74844285175,4,5.61751919818,5,9.27231874281,9,6.00091833533,10,0.005,11,9.98249561482,12,9.61459360029,
0,8.35163767102,1,8.56515433429,2,9.9845855336,6,9.95111552713,7,0.005,12,8.72769989561,13,8.42401096645,14,8.40532006123,
5,0.005,10,6.13086399092,
0,9.99799338373,1,9.75580056213,2,9.98204411955,3,9.9976334812,4,0.194166224976,5,9.96022325873,6,9.7177187586,7,9.44163602191,8,9.39714666121,9,9.89821467161,10,9.26226194784,11,9.69497569465,12,9.98841183107,13,9.6574823996,14,9.92980981777,15,9.26405517752,
0,9.93336680571,1,9.92811769498,2,9.96132706738,3,9.75919165287,4,9.68667115399,5,9.96188594641,6,9.82524825013,7,9.83685428359,8,2.9478342227,9,9.95071275111,10,9.99439635707,11,0.239518404386,12,9.93362955316,13,9.84167077933,14,9.65224915614,15,9.32586680752,
0,2.34978922256,1,5.19355001258,2,9.56782925264,3,8.32116051891,4,2.60538001092,5,3.41540231875,6,8.26962251805,7,6.18825763901,8,9.51784901415,9,7.59786743948,10,6.83503367231,11,3.27856281495,12,2.60568867359,13,9.62770895685,14,7.50743277369,15,2.46147656823,
11,0.005,
0,8.05280585555,1,9.99339628906,2,9.63933616441,3,9.63611574488,4,0.484190949007,5,5.95801789371,6,9.14842625558,7,8.89232221318,8,9.94516871258,9,8.63901343449,10,9.52719488647,11,9.75239427216,12,9.25508481922,13,9.42836354855,14,8.73928065243,
5,0.005,10,9.08323366968,
0,9.98023089925,1,9.82445737698,2,0.296525667929,3,8.4422853442,4,3.6185078746,5,9.81415590281,6,9.95810271834,7,9.10442132439,8,4.78902629842,9,9.94122855581,10,9.98184435737,11,9.95955974457,12,9.74602742435,13,3.64515666239,14,9.88662868939,15,9.80456407762,
0,2.85763983686,1,8.34323158297,2,4.57484433409,3,2.28237882508,4,0.482503940289,5,1.38724626623,6,1.80438383572,7,8.10656108779,8,1.06460917418,9,7.48991381382,10,1.4806217086,11,7.70983283505,12,8.56899820432,13,1.87048243549,14,5.11904553585,15,0.810901721934,
0,1.58886377683,1,6.15474339216,2,3.37554853546,3,9.7060424107,4,0.153806059641,5,2.03575822481,6,9.73002193336,7,7.31826079164,8,5.83751497796,9,7.90939627331,10,7.52767027898,11,1.57608620225,12,5.6482368566,13,9.66825008813,14,9.73213037938,15,7.35537122604,
15,0.005,
1,6.89070715274,2,9.99914807544,3,6.28651863043,4,4.80191291258,5,9.46654618979,6,7.27527580624,7,9.49038282111,8,6.78985758335,9,9.81564983137,12,9.58158134742,
0,4.30616351257,2,5.78805622668,3,9.01080394812,4,4.43604540632,7,9.59876439775,8,6.40770773925,9,8.2842068068,11,5.42590775971,12,8.08789937288,13,9.09205971047,
0,1.49684127334,1,9.13241974329,2,1.54165832979,3,8.23528189166,4,2.28983584931,5,1.66703580007,6,8.81652612196,7,9.53626937474,8,9.52375371489,9,6.79778890761,10,7.52978280544,12,9.18205521035,13,9.93327114517,14,7.49135587123,
11,0.005,
2,7.79082071182,4,7.89999012695,13,0.005,
5,0.005,
15,0.005,
13,0.005,
0,6.2681734538,1,0.913521313479,2,9.12215195325,3,9.54869743359,4,9.84709819023,5,9.75821619607,6,6.3680293696,7,7.63356438437,8,3.06786164887,9,9.91225373164,10,2.72803340249,11,9.8743275643,12,6.42925455657,13,9.80854040306,14,9.6906835824,15,8.37573148995,
0,7.31447285237,1,7.64042384974,2,2.05855007491,3,8.63856119601,4,0.0302198554858,5,8.17144923829,6,5.17683752528,7,6.15261804944,8,1.07627819045,9,9.3901784725,10,0.845100918212,11,4.72839354701,12,1.71677061638,13,9.13642777762,14,7.7829099175,
15,0.005,
0,4.22444672562,1,8.73743677681,2,9.72696643222,3,4.38432875993,4,4.39470360635,5,9.78485435451,6,9.74009348748,8,9.63907468238,9,6.59959588661,11,9.74272850536,12,9.47324511255,13,9.34217198873,
0,5.81411372271,1,5.3128149454,2,0.110700427903,3,8.73982831741,4,2.93684747585,5,8.5420877403,6,5.55094697774,7,7.92836357284,8,1.63576654271,9,9.3839499091,10,8.47943644912,11,9.92922938295,12,1.36866102104,13,3.84277130815,14,4.92345963502,
0,9.94945471017,1,9.93755863418,2,5.02504030765,3,9.94770874979,4,9.98643995229,5,9.99344570274,6,9.67757529138,7,9.34419676515,8,9.97812802916,9,9.9634704449,10,3.81228257809,11,9.93461347331,12,0.358216396286,13,9.98191958139,14,6.21504651075,15,9.74181178369,
14,0.005,
4,7.71116962462,9,0.005,
0,2.89839272211,1,9.26442145485,2,9.77975255243,3,9.09468391552,4,9.93657253484,5,9.32317932772,6,9.94645151187,7,5.94038634634,8,9.9770638536,9,9.98992142398,10,9.71380307552,11,7.65018808119,12,5.56420078114,13,8.14875545317,14,9.61092669179,
15,0.005,
6,0.005,
0,4.67924498579,1,9.67944309936,2,8.23400476339,3,9.48159855246,4,8.09663380964,5,0.108840169318,6,8.30724620517,7,0.479237224822,8,8.78425128175,9,9.92549077942,11,9.27467648823,12,3.42266374498,13,9.28489025148,14,9.63636774848,15,6.67548593691,
0,0.736314744264,1,0.653554424746,2,8.2187711234,3,7.61198720242,4,8.66635795983,5,9.69939974303,6,8.82490049756,7,7.30632991579,8,9.0403156565,9,0.825747817892,10,9.51455655355,13,0.691336368598,14,8.114949516,15,1.74196055657,
0,9.79127422403,1,8.1067996775,2,8.90935814603,3,0.14858362063,4,6.03420819242,6,2.86284566104,7,8.17891038264,8,7.79041401902,9,3.67311158591,10,7.8192501003,11,8.84124943326,12,3.90520619869,13,9.53696379526,14,8.7784410505,
0,2.81259600432,1,9.58412098264,2,8.7930149099,3,4.2585676754,4,8.90571148863,5,0.005,6,6.69333282517,8,9.13695649824,10,7.36794908321,12,9.65240356933,13,3.36563087246,
0,1.01914877898,1,9.90040577151,2,9.99436561218,3,8.22556026109,4,4.04506371928,5,5.08159822247,6,8.5397024888,7,8.44040599835,8,2.68293789388,9,9.88837206366,10,3.24185025866,11,8.28357690388,12,4.33618013594,13,5.71328162195,14,8.51899947093,
0,9.95008031756,1,6.12691171569,2,2.45936413446,3,9.42144289829,4,2.40493321419,5,8.00147661561,6,0.232600896899,7,9.34647911111,8,2.7709766844,9,9.99289976786,10,9.37704309356,11,9.65705411101,12,8.88143699391,13,9.76857746101,14,9.91998552951,15,9.07373486635,
0,7.99295105778,3,9.96364120532,5,8.4541381941,12,9.89278825816,13,8.81785138287,
15,0.005,
1,8.43806420741,3,5.692803043,9,9.67156318456,10,9.14512737756,12,0.005,
1,9.39373861586,14,0.005,
0,9.17183517216,1,9.95143323237,2,2.04349700034,3,4.48695451396,4,9.23870872888,5,9.47202944723,6,4.9215796949,7,9.49387482379,8,6.22025527818,9,4.62498813288,10,2.03527224979,11,8.9684676537,12,2.16127339639,13,9.29623682548,14,9.95792433809,15,6.93089324355,
6,0.005,
0,9.80363917762,1,1.12926054732,2,4.30447498526,3,6.10142069022,4,3.97771733546,5,8.4851337245,6,9.82840574288,7,1.78487084463,8,6.55089080397,9,1.1848636966,10,0.737082804204,11,7.71447360549,12,1.14402713349,13,9.7768965144,14,2.8266662789,15,0.963727599976,
7,0.005,
0,8.51257716157,3,0.005,4,9.57113307794,15,9.78234968433,
0,8.79770646024,1,9.92947033207,2,9.53804955079,3,0.209098224755,4,9.7818178335,5,5.42275091764,6,8.30252644751,8,9.01766286802,9,7.00293694831,11,4.33732245867,12,9.08549559538,14,9.57273743999,
0,9.98162448326,1,9.96979065628,2,9.99278046215,3,9.99279886082,4,9.99965315912,5,9.99968350993,6,9.93561105711,7,9.9166980269,8,9.9837005005,9,9.9931576718,10,9.89103352037,11,9.71041862222,12,0.0794898591913,13,9.94200842172,14,9.86057101289,15,9.85507130891,
1,7.71559297964,2,5.71543014973,4,6.82310293685,6,7.55291063269,8,5.50127479562,10,9.83434965233,13,4.96756752507,
0,5.24260986514,1,9.78913954463,2,9.793817686,3,9.96002348315,4,9.69117448318,5,6.64183467777,6,9.48985191244,7,9.20162231012,8,1.65399080312,9,8.82757125093,10,2.10254453204,11,8.9900832851,12,3.94342829028,13,9.68823322737,14,9.95521370169,
0,1.98668555553,1,9.87863735651,2,9.96795490593,3,9.54276559301,4,9.9957751052,5,2.67418783691,6,6.37775439351,7,9.7822602925,8,9.65041726497,9,2.4050276608,10,8.925125153,11,9.69457220654,12,9.38853370262,13,9.9541371668,14,3.69268745659,
0,9.75487216485,1,8.94573628559,2,9.96970947933,3,9.95256975323,4,1.67241962691,5,9.97317176868,6,9.78332891999,7,9.30449247892,8,7.57052858132,9,9.91066767856,10,9.40446815785,11,9.95600157547,12,9.437244723,13,9.1170771348,14,9.84018352313,
6,0.005,
0,3.23580721876,1,7.93312802212,2,7.25448711998,3,7.56441793596,4,8.57550020993,5,9.85773682935,7,4.65126409387,8,8.59808934335,9,5.29334857086,11,9.60803303192,12,0.005,14,9.39302292176,15,4.57237138206,
0,9.99231010337,1,9.96250797977,2,2.20445393144,3,9.95030947444,4,1.25138813995,5,9.98202202436,6,9.99682172259,7,9.88335787897,8,9.98817561526,9,0.228408192621,10,9.89746755785,11,8.1290752398,12,9.97768975333,13,9.99431512785,14,9.9080665214,15,3.03620340806,
15,0.005,
10,0.005,
11,0.005,
14,0.005,
0,9.95516022104,1,9.95368742076,2,9.98931774847,3,9.97378211613,4,9.88174090157,5,9.85421820429,6,9.97503687187,7,9.90063669685,8,9.9898852456,9,2.92978691692,10,9.72966850528,11,9.86658518843,12,9.8441082134,13,9.91688129534,14,9.84201803397,15,8.61201740128,
9,0.005,
15,0.005,
0,9.94585426418,1,9.82346853892,2,9.93233764349,3,8.89941753726,4,1.30688603995,5,9.90730131041,6,7.12824490085,7,9.7042114605,8,3.17447953485,9,0.082480962948,10,0.702389589992,11,0.939754393241,12,0.332107235647,13,2.18383066656,14,9.88086673175,15,8.34146464378,
0,9.89996950956,1,9.00368060329,2,9.94004693357,3,0.005,4,9.19578190601,5,9.94218820976,6,8.13727019312,7,8.79227206405,8,5.25043910405,12,9.42894050737,14,9.98885915778,
0,9.58363424572,2,8.97242964555,4,6.06511213323,6,1.66319312388,8,9.90473517862,9,7.8576923519,12,6.63051164758,
15,0.005,
5,0.005,
0,6.85824738248,1,9.95223021326,2,5.80669161655,3,9.71474869952,4,0.475096812939,5,9.62286114237,6,2.09067122225,7,9.69296243236,8,9.96549327226,9,9.63607012036,10,9.99558664276,11,9.79311827699,12,9.96187815453,13,9.47282759968,14,9.79351999693,15,8.50838227863,
0,5.85116547518,1,8.26543253082,2,9.18769397747,3,7.12315982165,4,9.03499283044,6,5.87437597076,9,6.96569407991,12,9.08346259754,15,8.00628042836,
12,0.005,
13,0.005,
2,6.85131574578,13,0.005,
0,1.27884987279,1,9.11669768031,2,7.18501771596,3,8.47724783012,4,8.42899340066,5,9.86183847206,6,9.91315986547,7,8.30481208432,8,7.95172669703,9,9.71331118265,10,9.32279902078,11,9.96042260849,12,5.47699435956,13,9.67056521164,14,0.158571624731,
1,7.0635447112,5,0.005,6,9.64724900231,12,8.53167091137,
0,9.52194063827,7,0.005,
0,9.39130810431,1,6.35893796795,2,7.88957113927,3,9.50507173131,6,8.58734959451,8,4.80081928081,12,9.61196266171,14,8.02503170676,
0,9.88726197856,1,0.0372758086064,2,5.51669137336,3,2.83945772605,4,0.947408541359,5,1.3714257303,6,5.76203695837,7,4.68166205406,8,3.29962462655,9,9.3972978812,10,7.2501167427,11,0.0488431463003,12,7.77247172613,13,3.9077664408,15,0.458136750264,
7,0.005,
13,0.005,
0,7.77704653063,1,9.01112324213,2,4.41011292871,4,9.11009242484,9,8.94136709296,
15,0.005,
14,0.005,
0,2.56046299809,1,9.82805837464,2,8.9139265181,3,8.7694003057,4,0.315814203555,5,2.00910190242,6,6.58614176223,7,8.27013803985,8,6.67792438299,9,9.92422297117,10,9.54414408995,11,7.22711035513,12,5.31398704788,13,6.82954082733,14,8.52815051189,15,3.23463639331,
8,0.005,
0,2.09827947792,1,1.24255383261,2,0.847441764133,3,9.96890623368,4,5.15681640283,5,5.52632396092,6,9.68934888556,7,8.97129221326,8,1.24121130371,9,4.52712152512,10,7.42633772867,11,2.98366140967,12,7.44139451385,13,7.45889946143,14,3.62145292553,15,9.26671049354,
0,9.9437483541,1,9.97738645826,2,8.22479868996,3,9.74654505933,4,2.33747010984,5,9.95728803063,6,9.92390375551,7,9.94039531255,8,2.09919487971,9,9.45123818579,10,9.9971547443,11,4.54708702024,12,9.94466792965,13,9.88770145349,14,9.96770297105,15,4.82576935559,
7,0.005,
0,1.67318878974,1,8.51142278289,2,8.697010138,3,4.2612094888,4,0.709773174925,5,9.74643315867,6,7.36500689017,7,9.88301474161,8,7.20820195402,9,0.866284917708,10,0.963040157609,11,8.09137870305,12,3.3386426814,13,8.75397334088,14,5.88375490437,
7,0.005,
0,6.44146512376,1,7.92766733822,3,7.63472208681,4,6.94316894963,5,9.9652252993,11,9.23608742348,13,9.74141003817,
0,8.92716518581,1,9.38708777779,2,0.456776743859,3,9.36914121764,4,2.00702397541,5,9.25123916232,6,9.71216258677,7,9.92019908689,8,9.52224282503,9,9.16280237107,10,9.72249306265,11,6.97748510529,12,9.31607425196,14,7.05274919922,
2,8.94875003617,5,0.005,
1,9.46500239471,4,3.0182828058,6,6.48647451052,9,6.32635516341,10,4.4279401379,
0,1.7159510347,1,0.631031653792,2,9.66645873903,3,9.75848510642,4,9.20945322214,5,9.67459237161,6,8.79611252596,7,9.75157314413,8,8.25078493137,9,0.918266243136,10,8.32872397004,11,6.26306618534,12,9.46694150371,13,7.58584245309,14,5.0071055003,15,5.35515949218,
0,9.958108924,1,0.942399035412,2,2.70545841643,3,9.90915388312,4,0.139081681181,5,9.78282062725,6,4.59233287117,7,9.71355123539,8,6.30231220726,9,2.6550666813,10,9.28121147337,11,0.0919654825603,12,9.4610196621,13,9.36913588969,14,4.05085902946,15,8.34137199771,
1,4.532694453,4,9.37646177783,12,0.005,
15,0.005,
0,9.8831800358,1,3.11932149468,2,9.46033900281,3,9.67361444008,4,2.13071842707,5,8.46122148486,7,7.46021680377,8,4.35037206972,9,8.71111890584,10,8.50864726673,13,2.01465828092,14,8.74621590589,15,7.66035362257,
0,8.02035211866,1,9.38166803436,2,9.24404462679,3,1.16250654971,4,7.99263565726,5,0.643374474952,6,8.79462222729,7,8.3346832747,8,3.81995891828,10,9.95852906218,11,8.24910538351,13,8.37144963475,14,9.33595883454,
0,9.54112457228,1,1.49048527199,2,9.92749563619,3,9.99357747064,4,5.09170123988,5,1.88476162726,6,9.96557423277,7,9.97697914775,8,6.37953831079,9,9.99377404611,10,9.95569289221,11,9.86739912392,12,9.90760340711,13,8.52542835457,14,9.75133354765,15,9.86209832071,
0,9.62633322446,1,2.36259743047,2,2.7046478774,3,6.26576341823,4,1.32081651997,5,9.92498852672,6,0.72484344185,7,9.43720390623,8,3.69143657368,9,9.68575852158,10,4.38235070586,11,1.52674190573,12,8.7706029753,13,9.66461620155,14,9.5930462787,15,9.96004149012,
2,8.05565899804,4,0.005,7,9.51174632832,8,9.83662149943,9,8.0076216691,
0,6.04933653324,1,1.4227130699,2,9.94778750509,3,5.28994592074,4,9.8259381965,5,8.285760543,6,6.67425822712,8,9.67574227282,9,2.71158850349,10,8.70578780439,11,8.65680336014,12,7.95245452678,13,8.86277606435,14,9.8702263109,
0,9.64127098775,1,3.48932874122,2,9.76960159352,3,9.63461811555,4,9.94355274641,5,9.63306842782,6,9.94626248137,7,8.86472073448,8,9.77646671908,9,9.66117144863,10,8.49123780831,11,7.23462361275,12,9.8796660886,13,9.9578221116,14,9.92004420332,
0,6.86092780299,1,9.71504427918,2,8.75040347207,3,4.22852259678,4,9.57222142816,5,5.69007644856,6,8.47710073578,8,9.88540394379,9,9.76710921982,11,6.87706131543,12,0.306303243809,13,8.22028207694,14,5.37092318927,
1,9.67094378354,2,9.03504203552,6,9.9681821118,
0,9.96538590089,1,0.760468585172,2,2.20337527084,3,9.78292137238,4,9.99340173983,5,4.65812485855,6,9.80090333824,7,9.00227226966,8,5.82195037703,9,9.5310801546,10,9.72164505103,11,9.71285048593,12,9.83326085779,13,9.45397523163,14,9.43717405761,15,9.6016045543,
0,9.99932682902,1,9.90685035179,2,9.68000804666,3,9.82569920571,4,2.44939639213,5,2.37217932854,6,9.91452647987,7,9.89213640215,8,9.980456089,9,9.77222107835,10,7.74697079791,11,9.63240584498,12,9.75836110851,13,6.70405185444,14,9.72425285163,
0,1.54737889794,1,9.89909610622,2,9.90458442857,3,9.73279574066,4,9.79820582037,5,9.93568343441,6,8.92598742297,7,9.86692337394,8,7.90331850329,9,3.64412617284,10,2.0657899448,11,7.64681322493,12,9.94786391233,13,9.79269826306,14,7.88912912469,15,2.99577426206,
0,7.03621617316,1,8.00384946555,2,8.21737079671,4,9.63307099597,8,9.36133410684,12,8.72226104893,13,9.83498641904,14,8.78726954155,
0,9.87148380458,1,9.536374472,2,7.45228560705,3,9.90717281702,4,8.73227629994,5,0.005,6,9.03090504973,7,9.95051004894,8,5.65907683867,9,9.87766668553,10,0.900623051416,11,9.95514167493,12,9.81959852026,14,9.52464507695,
9,0.005,
13,0.005,
1,9.58759746987,2,9.73621186723,3,8.40782784257,4,4.78617158322,5,9.89736846111,6,6.14146763177,8,9.53269804132,9,6.60024533127,11,1.99461756502,
13,0.005,
0,9.8677197408,1,9.44731625228,4,1.08868759009,6,9.61140229587,8,9.07075180317,9,0.005,10,8.43661386171,14,5.59403102366,
0,9.12751777629,1,5.25322909287,2,9.90666464169,3,9.88627603397,4,9.94042579773,5,3.00514428739,6,7.836885873,8,7.02971963233,10,8.64459561947,12,9.83986824831,13,8.89766698614,14,9.66343918882,
15,0.005,
0,8.69325877677,1,8.8540449011,6,0.005,
8,4.60310699985,12,0.005,
13,0.005,
0,7.46553153204,1,9.96782346164,2,9.83467973029,3,9.92757111406,4,3.03404934371,5,7.37892112457,6,9.63419474849,7,9.15618990273,8,9.33211243433,9,9.95994038525,10,9.44305330813,11,9.19699896783,12,9.98240200769,13,9.9238229876,14,8.93264487579,15,6.14737714002,
5,9.29492751633,10,0.005,
13,0.005,
13,0.005,
9,0.005,
0,9.89097376388,1,0.496328482952,2,9.94297061278,3,5.41519473746,4,9.96323732975,5,9.99416909203,6,9.98821638221,7,9.56617257354,8,9.95837275392,9,9.64490273157,10,9.65538895439,11,9.47013084154,12,9.93265574796,13,7.75279228066,14,9.78804621716,15,9.46700263837,
7,0.005,
3,0.005,
0,9.51054982386,7,0.005,
0,9.70906704873,1,0.23590588148,2,4.74013989019,3,2.47877315082,4,6.36668914027,5,4.08349465934,6,2.30561391624,7,8.36005952523,8,7.72047258667,9,4.94140811782,10,9.59243975015,11,2.83834877136,12,0.577613597953,14,0.145457634864,
11,0.005,
0,3.65934407008,1,2.21488447857,2,8.53682184517,3,2.32176130171,4,1.78572845459,5,4.56227771863,6,6.44818392409,7,1.40151309155,8,5.13510949867,9,7.17585971738,10,0.757172544113,11,8.82460523076,12,2.07756946649,14,3.45728848541,15,3.26146500681,
5,0.005,
11,0.005,
15,0.005,
0,9.82848036731,1,9.97541187402,2,1.89888783659,3,9.32417226887,4,6.87192757834,5,9.75048822233,6,9.71373496384,7,8.36032325924,8,9.94584900769,9,9.87654637048,10,9.87871479487,11,9.25652023874,12,9.97543823242,13,9.9785457895,14,8.10652290692,15,9.59811417127,
0,4.98972866784,1,9.42909675018,2,8.01245630014,3,7.32008082386,4,5.83420543466,5,7.80698474891,6,7.83561773317,7,6.95894862426,8,9.99465693077,9,0.977139625171,10,9.64357304302,11,3.30460589027,13,9.35335171631,14,9.8766815798,
0,2.246465509,1,9.79858162013,2,9.81035732501,3,5.89501754788,4,9.7365835772,5,8.55982389738,6,9.95938809896,7,6.3887204555,8,9.83186155651,9,9.84900337461,10,2.93860486683,11,8.37606431262,12,9.82999248923,13,8.8463727585,
0,5.96689737104,1,9.70827904563,2,9.98673869492,3,9.48054509758,4,2.42316420108,5,9.97276701753,6,9.05639956274,7,3.48188451618,8,9.88787439544,9,9.81210220043,10,1.97016187042,11,9.83800385024,12,9.91368435772,13,7.96460817859,14,9.82903565575,15,6.38741237198,
0,9.2068682878,1,5.73543571869,2,9.99062204298,3,8.8864188143,4,9.45232996999,5,9.97568248765,6,6.76968410138,7,9.50132268453,8,9.7545489904,9,7.17465924662,10,9.90954535785,11,9.83045890854,12,9.64255463,13,8.05617515827,
15,0.005,
0,9.62115566883,1,9.64934676679,2,9.81379853721,3,9.71068662262,4,4.5487926071,5,9.07056344256,6,7.9060927323,7,8.88419801583,8,9.92231524741,9,8.62415248561,10,9.51618941411,12,9.99845169656,13,6.49321995206,14,7.85901253911,
0,4.94979117525,1,9.3784433576,2,9.51596927389,3,7.41392807385,4,2.6619241407,5,7.15549672641,6,9.5296931821,7,9.79248028859,8,9.22628830916,9,7.11059563382,10,8.61304140378,11,9.90746229821,12,9.28708772112,13,8.31733906434,14,8.0401878773,15,5.36228845777,
0,9.47383241255,1,4.11574585763,2,7.62186901265,3,9.88046444268,4,3.12815482623,5,9.87024717342,6,9.98867276335,7,9.86916296332,8,9.89708517838,9,2.52182733876,10,1.62256786686,11,5.95100097886,12,0.409777733515,13,9.79063844228,14,9.20314703818,15,0.221573530413,
15,0.005,
1,9.65360957066,4,9.87896377157,5,3.87032553967,8,0.005,
0,0.996711262711,1,3.58350669483,2,1.39715280403,3,9.46103062087,4,3.08016067431,5,8.4896559153,6,9.59204322447,7,3.58953842797,8,8.9371818421,9,7.90274080152,10,0.273475298389,11,8.67023981354,12,8.54531593839,13,9.97560099394,14,6.84983845257,
0,1.24656891677,1,9.45605880133,2,7.01989857744,3,8.2205605408,4,9.50434274454,5,9.97997890905,6,8.56890088582,7,7.20671263563,8,2.99785206959,9,1.43918117225,10,8.66349513674,11,8.74766419973,12,2.76633123892,13,9.49301996084,14,8.72218409988,15,5.87210235399,
0,9.96201418669,1,3.71002143718,2,9.63163328396,3,9.99543279019,4,9.97135392216,5,8.15462096673,6,4.78460547247,7,9.81380659416,8,9.97272521884,9,9.84491177425,10,9.98078466028,11,9.7674526916,12,9.99283136885,13,9.84351887,14,9.73799926963,15,8.90707679763,
3,0.005,
0,8.73221782191,1,9.85794150643,3,8.36822769144,4,5.79288663978,5,9.98997440322,8,9.90401572487,12,3.00893974449,
3,0.005,4,9.90998067153,6,8.96756226877,8,5.303918633,
11,0.005,
10,0.005,
3,0.005,8,9.08046505571,
3,0.005,
0,0.46319664704,1,4.69611584056,2,9.24950840213,3,9.28627913697,4,8.67076527723,5,7.08415752213,7,1.2022099326,8,9.73715466477,9,8.43539286291,10,4.86346637125,11,0.591520115591,12,9.69010210507,13,4.58343552097,14,8.81824694726,
6,0.005,
0,9.67634887487,6,0.005,
10,0.005,
14,0.005,
0,8.32529787791,2,9.71976112838,7,0.005,8,9.10248280449,
