0,0
1,1
2,2
3,3
4,4
5,5
6,6
7,7
8,8
9,9
10,10
11,11
12,12
13,13
14,14
15,15

10,0.005,
1,9.63702187058,6,0.005,
0,8.46397406088,2,7.3581160342,6,0.005,
0,8.14721411274,6,0.005,9,9.21590311358,13,9.7015378709,
9,0.005,
0,4.89642970202,1,4.87543520333,2,4.95205920067,3,9.98913129542,4,1.83777686391,5,6.53726699297,6,9.60105423338,7,3.34677303113,8,3.36311607066,9,5.05810023039,10,5.60768486238,12,3.41095652784,13,8.62389760466,14,3.21419581117,
0,7.82824443482,1,8.3419445941,2,2.20461444773,3,1.15523922277,4,0.124669073906,5,3.59266787337,6,9.95811310313,7,9.90629645691,8,9.87046476032,9,2.95990630086,10,3.41290891822,11,9.89857917245,12,4.24521456949,13,0.473147150142,14,9.58154465276,15,8.96126106753,
0,9.89197339661,1,9.57754318192,2,6.59886772299,3,0.855006402762,4,1.51047328059,5,8.20590153133,6,9.68403361269,7,8.3730725438,8,9.61743011093,9,8.40537639195,10,9.18833083723,11,9.29707471462,12,3.18576114911,13,9.9047351016,14,9.96410502583,15,9.00756097464,
13,0.005,
0,1.51410754362,1,9.89376153159,2,9.8455280334,3,9.94372359519,4,9.88679006294,5,1.94986216225,6,9.86061299856,7,9.25194681171,8,9.93645828501,9,9.92126036685,10,9.88489550338,11,9.90703419288,12,3.33120480536,13,2.88813204486,14,7.67530321569,15,4.36797579595,
5,0.005,
11,0.005,
0,5.93140005607,2,6.74618068956,5,9.06112339065,9,7.76107058942,10,0.005,13,7.35368650013,14,8.86881617775,15,9.52653104484,
0,0.562773487877,1,9.75040467188,2,5.30965380424,3,2.80251140872,4,9.11773599996,5,6.88857436158,6,9.95724584113,7,7.20624647703,8,7.0568030551,9,2.67989334809,10,4.00879258733,11,8.64990486309,12,9.76321959113,13,8.86496681547,14,0.826310328906,
0,9.6733617974,1,9.70470803302,2,7.14700673619,3,3.47867140498,4,9.41063682084,5,9.36059708305,7,9.92094959699,8,9.91943186955,9,9.20624150218,11,8.19440776782,12,0.0423195472109,13,8.67482364098,14,3.88514173365,15,8.88186501787,
13,0.005,
15,0.005,
0,4.08071735442,1,9.96763987543,2,9.7433610132,3,9.68044171162,4,2.1280083339,5,0.0262255920914,6,9.4817901884,7,9.32248525773,8,8.80342140871,9,9.48101989934,10,3.07117195433,11,9.62496660781,12,9.85346236174,13,9.29091341417,14,9.35515172778,15,9.63000223318,
0,9.14852755285,4,0.792230176024,7,9.23122034778,9,0.005,10,0.860148149926,
4,5.5061092551,5,8.52435936496,10,0.005,
12,0.005,
15,0.005,
7,0.005,
13,0.005,
14,0.005,
0,5.86441815836,1,0.956800177383,2,8.57580250228,3,8.75441101042,5,9.18910958228,6,7.62828667001,8,6.99708262756,9,7.6944019219,10,9.85260325023,12,8.85501235914,
0,9.9511343566,1,2.48627839867,2,2.2075573075,3,2.75240285072,4,9.83942418557,5,9.96098846639,6,9.87214502162,7,9.76401805206,8,9.98679176342,9,4.35868285803,10,9.98866355891,11,9.98371957168,12,9.94534683502,13,9.54520700909,14,9.63197190345,15,5.16599341947,
0,2.56027579899,1,4.45638682375,2,5.69141494641,4,6.52430614443,5,6.86995370577,8,5.76758876919,9,8.75968594415,11,9.33664917817,12,9.64877282987,13,9.84058360372,14,5.73189836273,
0,9.71682841411,1,9.05139613908,2,7.32084929757,3,0.672507084858,4,5.42792787266,5,9.10053278127,6,4.58216668923,7,9.67598085409,8,5.11946504115,9,7.24368210332,10,7.14061218112,11,8.53869574051,12,8.0305964967,13,8.51616942343,
7,0.005,
15,0.005,
0,9.90913317937,1,7.97471006319,2,0.494810910598,3,3.13870377115,4,9.93482081875,5,9.70995197978,6,9.56291867311,7,9.65600974422,8,9.73494261972,9,9.95136885036,10,8.83617273262,11,9.92733653378,12,9.32611243017,13,9.69912746815,14,8.84723162857,15,8.61106693811,
0,9.71272259832,1,3.97727753738,2,9.4813654016,3,9.78074614828,4,5.84820333333,5,5.19457699327,6,2.02142473121,7,9.61167467774,8,8.69001505688,9,9.80273608516,10,9.35527919831,12,9.09344406397,13,5.05928304962,14,9.70774637927,
14,0.005,
0,8.78598847912,1,5.8237920741,2,9.11588363944,3,9.86096704896,4,7.23925240396,5,9.73461383563,7,7.02733012863,8,9.71978581911,9,8.01863370693,10,9.54074110172,11,9.97158437795,12,9.09409600987,13,9.19591913351,
9,0.005,
2,0.005,5,3.72443943048,10,2.35481402473,
0,1.31908436104,1,9.99718748732,2,9.90992682495,3,5.01656480005,4,9.87038999831,5,5.15101223363,6,9.79500257344,7,9.1650636057,8,9.61872367965,9,9.24012994368,10,1.54797996848,11,9.94251622334,12,9.17267824055,13,8.69064504436,14,9.61252509625,
0,7.19349091387,1,9.97487870377,3,9.16001061987,4,7.72159445829,5,9.04451854985,9,7.61770768684,10,9.25994639508,12,7.74219734514,14,7.26864955943,
1,0.005,6,7.14543213237,9,6.38969821757,14,1.53968637193,
0,7.15926806272,1,8.29480250281,2,9.5298734328,3,8.99574153102,4,8.9299966589,5,8.48765361175,6,9.4587196515,8,9.87484596245,9,9.20987496713,10,8.23937754088,11,9.69253555517,12,9.92116831073,
0,9.13044417202,3,9.45356265842,4,0.005,7,9.23977685224,8,8.14415395899,
0,9.90531317715,1,9.69131366203,2,9.15925670162,3,9.92034889979,4,9.98539865567,5,8.66288720695,6,9.91325145925,7,9.31722641368,8,5.12874874199,9,8.8015172069,10,2.32945652392,12,9.28706839944,13,8.90634832496,14,9.65360971071,
13,0.005,
11,0.005,
2,9.85658942333,6,0.005,9,8.24304426272,
14,0.005,
0,4.59939653161,1,9.83778379851,2,9.93054649959,3,4.94196738771,4,5.40059969652,5,9.58880399708,6,7.21610438585,8,8.50676564354,9,9.44218368914,10,9.34396388069,12,5.4760981113,13,9.47672313308,14,7.88285227061,
0,8.26968987728,5,0.005,8,6.01243787444,9,9.98435388882,
11,0.005,
7,0.005,
14,0.005,
0,9.90018953811,1,9.98905804817,2,9.8783848613,3,9.61106643347,4,9.9257711576,5,9.77196351765,6,9.77960093841,7,9.70748719473,8,9.98148702767,9,9.78226381626,10,4.69317386155,12,9.81928237509,14,3.68732899268,
10,0.005,
0,4.78536240227,1,7.17232352489,2,6.00967552556,3,8.14699605488,4,9.77439950521,5,8.02160806079,6,7.97550394786,8,8.70342477036,9,6.27880110674,10,7.33611552898,14,7.77955279774,
0,9.45225463041,1,9.34994592088,2,0.409297187265,3,7.67098388127,4,8.51255247808,5,4.63193745133,6,7.07915077412,8,9.4489103097,10,9.59635630723,11,9.20118361852,12,9.5369114691,13,6.32703355714,14,4.77240481015,15,7.97122253972,
14,0.005,
0,9.86303799273,1,4.09393588136,2,3.65987742498,3,9.96541688108,4,8.11416127009,5,3.83992238891,6,3.92446449761,7,7.94176929654,8,4.07926966908,9,1.51754617025,10,9.93523452727,11,2.55089080799,12,0.549897321733,13,9.99935262641,14,9.7167726223,15,0.543760522101,
12,0.005,
0,9.34681376498,1,3.20915494556,2,9.48634956132,3,8.82895399499,4,9.88668146336,5,8.84844478453,6,9.37704748202,7,9.92011063236,8,9.83371669829,9,0.224345227671,10,9.66168461173,12,7.68199355305,
0,9.87892527506,1,1.94084249314,2,4.27126314632,3,6.95898366839,4,9.75242174384,5,9.88707627011,6,9.86961836079,7,7.86553033341,8,9.54679491172,9,8.76299777607,10,1.78132889841,11,9.49201081973,12,9.28870268948,13,2.19883944866,14,1.61840610478,15,1.43493717521,
0,0.542701800642,1,2.9146232163,2,1.41469043589,3,7.47162562312,4,5.28728982602,5,0.0894189338782,6,2.58927117418,7,9.65303399998,8,9.03701909247,9,9.12652551349,10,2.72628006276,11,3.99860612386,12,8.66432582214,13,9.72469025768,14,8.96154139253,
6,0.005,
7,0.005,
13,0.005,
11,0.005,
0,9.79048647719,1,7.68929003122,2,4.7446482531,3,9.75262515417,4,0.959554643398,5,9.9691381066,6,7.91390783397,7,8.91586312306,8,9.883304774,9,9.53984106335,10,9.8419056943,11,9.82358757345,12,2.9369309673,13,6.53776636446,14,6.41342602997,15,8.74125291862,
0,7.72677632399,1,9.94427410558,2,8.24742026188,4,8.26854118727,5,8.17987218029,6,8.64149240657,8,9.83273348482,9,8.38395878501,12,7.76710328812,
15,0.005,
0,9.86810348376,1,2.80233405504,2,2.35688717029,3,9.90839820267,4,0.694255766702,5,9.33468512586,6,9.88119921517,7,9.99638603661,8,9.12255637154,9,9.78218918342,10,2.19737527522,11,9.51547776351,12,9.83850135365,13,9.8918564937,14,7.72146260331,15,9.78111215955,
14,0.005,
8,4.6378463937,9,0.005,
0,7.28986860903,1,9.56944987453,2,3.24053920748,3,3.32552364347,4,9.82519290931,5,8.99198208065,6,9.32106443104,7,8.81265807299,8,4.62158894421,9,0.467629129868,10,2.10979490985,11,9.06391713166,12,9.6096523719,13,9.13798251201,14,8.8630239292,15,6.21756372517,
0,9.94924106169,1,9.63480707908,2,9.99053157785,5,0.575498192016,6,1.33153366499,8,7.79453391768,10,2.54385874257,12,4.95416353507,13,7.85845547379,
0,7.69105185326,5,8.1449135586,6,0.005,14,9.43108533601,
0,9.94799587962,1,9.95047083973,2,0.301281742021,3,9.88470273275,4,0.450553202392,5,9.59829185251,6,9.75976751117,7,7.29233827101,8,9.62358377778,9,9.57152492421,10,9.19250123682,11,8.60520941851,12,4.71988993003,13,9.61619866984,14,9.36518539168,
0,9.4691007116,1,9.60478377185,7,0.005,
0,9.97062449843,1,9.84424734054,2,9.9431757963,3,9.90811801098,4,9.94661186375,5,4.0709790019,6,0.906402800753,7,5.33076346121,8,9.84384839861,9,9.99256848596,10,4.54519521766,11,9.59475758234,12,9.89687277066,13,7.88246414478,14,0.0932655951906,15,7.9174238393,
0,7.31115555152,1,8.29774576043,2,9.58573980854,4,7.80327811431,5,7.94957020201,7,8.74250866712,9,7.90727834571,
11,0.005,
0,6.36496923608,3,8.89866497914,4,8.45844975413,6,9.36378596047,9,7.85785156938,
3,0.600159670604,12,0.005,
3,8.78122117506,4,8.17362015702,6,0.005,
1,9.99178474949,14,0.005,
15,0.005,
14,0.005,
6,0.005,
0,9.93654569997,1,9.99480731653,2,4.04164898437,3,9.97507095632,4,3.21766135073,5,9.36170125344,6,9.63905966664,7,0.246587284607,8,9.88297256069,9,9.39967941726,10,2.35041717751,11,9.24321512025,12,9.7659582855,13,9.82734013043,14,9.68672952894,15,9.59289398224,
0,2.51998500212,1,8.84264750765,2,9.09844644413,3,4.0898277378,4,8.76792617013,5,9.35005522074,6,4.87390948605,7,9.5713692761,8,9.73899257595,9,9.01580058297,10,7.4527204655,11,9.98856579952,12,9.99778319824,13,5.99288374901,14,7.37441221747,
7,0.005,
15,0.005,
0,9.96086475423,1,9.83228253497,2,5.00026929533,3,9.78599538022,4,9.9589117433,5,5.44400243525,6,6.02496834129,7,9.99936415936,8,9.77431665272,9,4.94546737193,10,9.99966229492,11,9.96043540665,12,3.72475326756,13,9.89950748565,14,9.97968898706,15,9.88699685272,
0,1.14006987374,1,4.16808182786,2,2.50934077567,3,5.35697152879,4,1.13268101169,5,9.27254234351,6,3.36314469507,7,9.00632963141,8,8.65168690098,9,7.11297649095,10,7.32677915501,11,9.97871987558,12,6.15954132574,13,4.04679740771,
0,7.09253223013,2,9.66265295377,3,7.50788878316,9,0.005,
13,0.005,
1,6.97109667271,2,2.0803098308,4,4.78011104082,5,9.05350923336,6,4.65102710224,7,8.44261251259,8,5.10966087913,10,0.449159725019,13,3.91230753854,
0,9.41317468025,1,7.3187566267,2,7.44321510354,3,4.54699506484,4,2.11019098993,5,4.31476380413,6,9.9471005277,7,9.99494837883,8,6.62971783366,9,1.92520360422,10,9.97451148504,11,2.34332793443,12,2.15316808032,13,2.22677505736,14,4.782970608,15,1.36013835758,
11,0.005,
3,0.005,
11,0.005,
0,8.08087187906,1,9.16574036261,7,8.6371009043,14,8.1232571772,
10,0.005,
5,0.005,
0,9.96439783646,1,5.21075483247,2,9.85841181539,3,9.10460693048,4,8.5134833697,5,8.23425474416,6,9.74382725096,7,8.72696515445,8,9.74597435398,9,5.34502226885,10,9.88874666378,11,9.87912961608,12,7.19706683942,13,8.98081953897,14,9.12935939747,15,9.01998680072,
9,0.005,
10,0.005,
13,0.005,
10,0.005,
13,0.005,
0,6.86575079283,1,3.39332963001,2,7.62572070535,3,9.94077011079,4,5.36322338621,5,6.20342344577,6,5.81679833756,7,0.591942663324,8,9.98740401787,9,9.99201918008,10,9.64349298131,11,9.98819721369,12,9.54614140228,13,9.55691345739,14,2.09402957781,15,9.40278611768,
0,9.55404691132,1,3.9631892468,2,7.72689888487,4,7.36825191028,6,6.89078469413,7,0.005,8,1.15242115771,11,8.12450627878,12,5.37715982992,
5,0.005,
0,8.58534656065,1,9.33975598987,4,2.35672956284,5,9.0187012374,8,9.66993611615,9,0.005,10,5.34915905428,11,8.18769556573,
15,0.005,
15,0.005,
0,9.71083429193,1,4.83281967958,2,2.23588147462,3,9.93664258586,4,9.97157668652,5,8.88653661587,6,9.73944405603,7,9.63869439427,8,9.97335445989,9,7.63998161665,10,9.82746258662,11,9.92169136585,12,9.83800614654,13,8.14216922818,14,9.50799113203,
0,5.39929497073,1,7.75607242724,2,5.57677885044,3,7.38127232289,4,4.85011114175,5,5.75196568937,6,9.19642986187,7,9.58053566782,8,9.7801411274,9,8.0366940791,10,9.6324432495,12,9.46220259348,13,7.61645374363,15,6.71254659076,
0,1.45598949859,1,9.97660180553,2,9.69679166415,3,9.87590084698,4,9.94038815134,5,1.53307723563,6,9.95944027713,7,9.16275345557,8,9.96438968486,9,6.53932228816,10,9.91098612048,11,9.62674057069,12,9.99454671231,13,1.54441205359,14,9.49855945308,
7,0.005,
0,9.00723099694,1,8.62779439751,2,2.11830664766,4,0.005,5,9.43826489928,7,9.140452992,8,8.81169183691,10,6.09682973592,15,8.56583333213,
0,9.7567620689,1,1.7234563331,2,9.21489328705,3,2.97766323361,4,9.76824385897,5,9.41114860246,6,4.51692675117,7,9.663100962,8,9.8860540723,9,9.78896181554,10,9.31896379495,11,8.00636962012,12,9.60665976266,13,9.64221307115,14,6.6297472848,15,9.95967709989,
10,0.005,
0,9.87013993034,1,9.02958004124,2,9.9273099159,3,8.33399677376,4,7.44478714152,5,9.86541276882,6,4.39876900446,8,9.78695504285,9,9.80695825709,11,9.00569056034,12,9.87761858582,13,9.45321039256,14,9.62918378438,
6,0.005,
15,0.005,
0,9.89239901203,1,0.0387397701499,2,9.63432965804,3,5.38640617295,4,9.83836014515,5,9.91965784641,6,9.74757166728,7,9.2809840631,8,1.57940798767,9,9.69692780476,10,9.95354389865,11,0.554737489581,12,9.94984128136,13,9.717853234,14,9.43795543739,15,5.00909145768,
14,0.005,
0,4.80843271735,1,8.2597790722,2,5.71857370852,3,9.57286955901,4,9.03262931957,5,5.63026706701,7,9.39943893201,8,1.07340143054,10,2.59698087764,11,8.58761597967,12,8.7474005615,13,5.57066448881,14,5.27936235299,
0,2.70539494984,1,9.64874916048,2,3.71920225193,3,7.80630009562,4,9.87603443145,6,8.02235987371,7,9.5145564167,8,3.04013694612,9,7.33659898706,10,4.43546248837,11,9.89078903278,12,9.19553027539,
0,8.75684284387,1,9.29355937419,2,5.55379705987,3,9.82655039305,4,9.29630060431,5,9.81270954281,6,9.4280651017,7,8.91440279086,8,9.75194868485,9,8.91988414674,10,9.7464962052,11,7.97911803733,12,9.41559677635,13,9.70362301009,
9,0.005,
0,9.92355194378,1,0.616394040785,2,2.74378285862,3,9.79050346813,4,6.22679843374,5,2.34935607421,6,9.68779680297,7,9.4425105654,8,9.78988536211,9,9.63785300731,10,4.63820332251,11,9.45978610629,12,9.54915510592,13,9.51704204401,14,9.57616317351,15,3.04639798163,
0,0.694020425221,1,9.83199359293,2,7.9899855786,3,2.9087187946,4,9.55008151353,5,9.24244329257,6,2.03847404213,7,9.94068680087,8,9.91980342687,9,9.75812712673,10,8.86827798429,11,2.0460582321,12,4.82368540664,13,5.07627040498,14,1.8013839744,
0,9.92316305977,1,0.738156922912,2,2.97470624996,3,9.91820436374,4,4.0854330038,5,5.66466221333,6,9.99704275258,7,9.97605888078,8,9.93917734573,9,9.94744582593,10,4.73522617301,11,6.60836667302,12,8.71447602993,13,1.2143187742,14,9.8374188095,15,3.80215463587,
0,9.83289994512,1,0.503326122817,2,4.89486099533,3,9.98223600472,4,2.08676807134,5,4.87275724194,6,4.58524315301,7,2.49781089846,8,4.92889254782,9,9.93047840907,10,7.71950455128,11,9.9642268528,12,4.92547644364,13,9.83863513938,14,4.57883440666,15,1.04098059144,
0,8.34898915546,2,9.90977715354,8,9.14006803325,12,9.07428070223,
0,6.74375820982,1,9.98558686946,2,9.86176188854,3,9.81104453401,4,9.63738198151,5,9.05780836344,10,7.23761652837,12,9.88268679398,
0,9.93302232164,1,8.7145853306,2,9.47622677745,3,9.96592102088,4,9.89393531974,5,4.69954425074,6,9.52033982195,8,2.4846384357,10,9.24314330505,11,9.42610929424,12,9.9709415261,14,9.97411448454,15,9.6775293095,
5,0.005,
6,0.005,
0,5.90037934655,1,1.32106573491,2,8.54911940644,3,9.5758817332,4,1.87721679995,7,2.67215483234,8,3.90982721934,10,8.74770014983,11,7.38758084508,14,6.11828495264,
0,6.08039631413,3,0.005,4,9.66711165581,5,4.30457622632,8,4.26746222573,9,9.93366348443,10,9.48282960361,13,9.8828707836,
0,2.64814082954,1,7.21699337017,2,9.44030738379,3,8.97672954503,4,5.74262571062,5,7.72540025936,6,4.77619207596,9,7.7000172662,10,7.20463226705,13,7.73464651151,14,8.97371391946,15,5.24172421714,
9,0.005,
11,0.005,
5,0.005,
0,9.99815077784,1,0.215475072477,2,9.95602283687,3,9.85358442763,4,9.8917851202,5,9.92974512639,6,4.56001724635,7,9.88302119484,8,9.81966003743,9,9.7122354464,10,9.96600185458,11,9.86612397275,12,9.88889284568,13,7.06578313898,14,9.36953040457,15,9.56123645537,
0,9.66702959172,1,8.83498381471,2,1.99395798556,3,2.94594460697,4,4.15568653166,5,9.88839801193,6,9.84696014805,7,9.64717824611,8,9.93632887397,9,9.84053094786,10,8.54721094411,11,9.94183038083,12,6.87392745952,13,9.43895315877,14,9.71145690644,15,9.58485598763,
14,0.005,
11,0.005,
0,9.98437921366,1,9.72976634672,2,7.24760181303,3,9.53289716393,4,9.70859546121,5,9.71628547508,6,9.84090980234,8,9.96745561557,9,9.21428267281,10,4.16001543423,12,9.13287536844,14,8.70912795191,15,9.18719294726,
6,0.005,
13,0.005,
0,9.99163067213,1,9.95853999852,2,0.130702849714,3,9.98797679108,4,9.99947480096,5,9.95878327193,6,9.98864782294,7,9.9580534798,8,7.18485226026,9,9.99791361317,10,9.92851079334,11,4.39272756994,12,9.96339463292,13,9.99237728704,14,9.96043161901,15,9.70248536192,
0,3.26602018923,1,9.74175775953,2,8.8421262955,3,8.49389784983,4,8.24410094012,5,9.16321057468,6,6.24571709636,8,9.74791854199,9,9.49419482592,10,7.3021598041,12,9.69375941448,13,4.95535793444,14,6.56062423479,15,7.20467337004,
0,9.85152601561,5,0.005,8,7.53909623778,
13,0.005,
0,4.96854954475,1,7.54273612234,2,7.59372387739,4,6.04889933201,5,6.17541444471,6,3.61520207499,8,1.86920971171,9,8.22922576903,10,9.73254128627,12,9.04818805911,
0,9.99490305833,1,9.97964579622,2,9.99432242527,3,9.99200703657,4,1.27184066955,5,9.95402943207,6,9.988737649,7,9.99733659843,8,9.99638400251,9,9.98950144556,10,9.06449827087,11,9.98933738319,12,9.99735326469,13,6.43635643292,14,9.89384368075,15,9.68691888069,
0,2.10231307729,1,9.69142636297,2,0.892100203933,3,0.732239975844,4,2.87867934785,5,6.95072158314,6,3.50633397026,7,8.02805899705,8,9.1247430036,9,9.68433535682,10,8.18033693758,11,6.18480277079,12,0.428276957436,13,7.42337141985,14,4.33078205578,
13,0.005,
15,0.005,
0,9.95651227587,1,9.95814132865,2,2.89423943709,3,9.87400000375,4,6.19381875425,5,9.92727614966,6,9.97941880776,7,9.99207798401,8,9.99084904796,9,9.97444515102,10,9.95828083334,11,9.99047381802,12,9.8817126029,13,9.93077853765,14,9.9884841724,15,9.7392832104,
0,9.99664191243,1,4.04503138796,2,6.22533247267,3,9.93657872318,4,7.17171100755,5,9.98594088524,6,7.01672457268,7,9.88421791303,8,1.64980233006,9,1.87041535806,10,9.70627585853,11,9.99130274211,12,9.87852722904,13,4.43749356729,14,6.30091137686,15,9.91214463743,
15,0.005,
0,9.5838931617,1,3.80877898378,2,0.528149906434,3,9.34288845339,4,3.28053608933,5,9.76223427592,6,8.88806745568,7,9.01204675377,8,6.27917557035,9,9.75950412437,10,9.00680549074,11,4.35216908455,12,9.71869805528,13,4.36122257402,14,9.76944630274,
15,0.005,
0,1.19736310246,1,0.709455970258,2,7.6089137556,3,9.97335559989,4,9.23386607349,5,8.3596446797,6,3.36943039198,7,8.66812973454,8,9.8450317574,9,9.26022084856,10,0.440407216947,11,6.21175560592,12,8.85091889048,13,8.06258679339,14,9.51646060755,15,6.54134403304,
0,7.72126532878,1,6.8479968479,2,5.19706267747,3,8.16547491943,4,8.65133104349,5,5.90963355176,6,9.16075636535,7,4.1174354162,8,9.38093179853,9,8.10222896285,10,9.05231029905,11,9.18210705842,13,9.37805753033,15,6.30007920822,
0,9.93716307693,1,1.26914342692,2,9.93443908897,3,9.89832440926,4,9.35880266883,5,1.26544722688,6,2.50150922599,7,9.96948656418,8,9.91515012623,9,9.73832583822,10,9.93361852539,11,9.06230569012,12,0.554984048238,13,9.85080104351,14,9.96387433132,15,9.69979586179,
9,0.005,
0,6.19714219952,1,8.51639919165,2,9.84216799803,4,9.75932191277,5,0.005,8,9.78400122899,9,9.84597881758,10,9.33363458908,14,8.51548272369,
6,0.005,
6,0.005,
8,9.2142393951,10,0.005,
9,0.005,
0,3.7001287104,1,9.80561760808,2,1.03985136712,3,5.30904331134,4,9.81393674293,5,6.30233581162,6,9.57881424742,8,6.26638891606,9,5.95684417046,10,8.81390736483,11,9.08155663545,12,6.60891910993,13,6.97691257659,14,6.99347596955,
0,5.96637801948,1,9.67698543832,2,9.85837432646,3,1.95530104908,4,1.63810324789,5,9.01623741967,6,9.69157943865,8,9.87362150427,9,7.60303510293,10,7.9646395923,11,6.21761276421,12,7.94330116942,13,6.96578130444,14,9.98737388098,
13,0.005,
0,2.12226209884,1,8.92295174177,2,9.02567576747,3,3.95569777191,4,8.55479613516,5,6.24498253157,6,4.46538845553,7,3.75967846679,8,5.25742051579,9,4.582320767,10,6.95791046847,11,9.80330013159,12,9.85503849144,13,6.71716911797,14,7.68406023389,
0,9.98923992823,1,6.807073605,2,9.92893047229,3,9.46703604667,4,9.8201210651,5,3.24831243297,6,9.94920008186,7,9.71854341072,8,9.96302239065,9,8.34170682545,10,9.04942502899,11,9.92993110248,12,9.51964788601,13,5.52203015542,14,9.46813098534,
0,9.88472504089,1,9.9658991001,2,9.90265418297,3,0.356477346996,4,9.92822070715,5,9.88438614453,6,9.99040827543,7,3.26926510415,8,6.66869790058,9,5.59945551854,10,9.87841058955,11,9.76807910235,12,9.93915179532,13,9.60031590794,14,9.76629777061,15,9.85061064869,
0,3.23067833763,1,4.11604680373,2,0.826612641198,3,5.19331091165,4,6.00067205037,5,9.26884413288,6,3.89272583835,8,4.04894217679,9,9.32975499764,10,8.61561050889,12,9.10720332162,14,7.56103018916,
0,8.05968318334,1,6.26216468044,2,9.39326580404,3,5.59250218681,4,7.78745926257,5,9.36776702334,6,9.74278126907,7,8.80566972259,8,2.54812659547,9,0.632981279417,10,9.99261373851,11,9.60331356561,12,9.9053079613,13,9.10295316069,14,8.15554602685,15,3.9115937052,
15,0.005,
0,9.88000252138,1,9.88997449736,2,4.91992100202,3,9.69476437142,4,2.85589508139,5,2.92204562558,6,9.97848863035,7,7.09037935566,8,9.86582980564,9,9.85599807034,10,9.52591009213,11,9.55816043137,12,9.93934751049,13,9.94349613022,14,9.44039026984,15,7.36297783149,
0,4.95995020276,1,9.8784680575,2,9.90413531207,3,9.86952084206,4,2.14736378745,5,9.02452347342,6,1.77426885275,7,9.32257212716,8,8.3414865369,9,9.32558018798,10,3.66273782063,11,9.50435227649,12,9.13492278111,13,7.82815834705,
0,1.93760769216,1,9.11141095037,2,0.005,3,9.12178864975,4,7.00436867838,5,7.53819340062,6,9.18223408036,7,9.93894372722,8,6.80028816337,9,4.32093756229,11,9.76519039915,12,3.77055456275,13,2.32746672228,14,9.26538354339,
0,9.69857193511,1,4.43119210899,2,6.92661346253,3,8.98681480975,4,9.66303732839,5,8.8415227629,6,5.12076667699,7,9.55574909074,8,0.17264745008,9,6.15116124033,10,9.92091971274,11,5.09542354645,12,8.33513237196,13,9.70340204252,15,7.813819414,
0,7.1325683923,6,0.005,9,9.57126294961,11,9.30877155497,12,8.57062148689,
0,2.4055574452,1,9.99155876799,2,9.46770509741,3,4.0033857277,4,8.95105021796,5,9.0144981947,6,2.96794569176,7,8.35500371693,8,9.83051682435,9,3.85828762079,10,8.08735889649,11,5.11513133903,12,8.7356023771,13,9.19889117942,14,8.58475750617,
0,9.80301497058,1,9.90466567211,2,3.77737457391,3,9.89138323527,4,9.95794656822,5,7.2589749889,6,2.68177427003,7,9.88831269057,8,9.99947793191,9,9.24678543526,10,9.91561066952,11,9.95867329209,12,9.91960371497,13,5.33934436029,14,8.80769382919,15,9.96986269907,
7,0.005,
0,3.97635086741,1,9.91293327654,2,5.45846124181,3,5.183153597,4,9.0980119459,5,6.37590481205,6,9.3379876,7,9.33113044889,8,9.77761665098,9,9.58584702461,10,5.68539508104,11,9.71537543515,12,8.50438796614,
14,0.005,
5,0.005,8,7.71789309867,
13,0.005,
0,9.65242871652,1,0.680815697829,2,9.74590906382,3,0.999789338751,4,1.08232923294,5,9.63208007208,6,9.61909444828,7,9.80129258275,8,1.13349819268,9,4.57584253769,10,1.36570700475,11,6.36940078742,12,5.39557905761,13,5.76142940989,14,5.06235046947,15,5.64580820438,
0,2.96860876346,1,8.62085042483,2,9.83995125562,3,9.0344923901,4,9.88598085967,5,9.3763509465,6,7.9278498405,7,8.25485524832,8,1.92676286362,9,3.9678083337,10,8.44013098044,11,4.67579318052,12,9.62345890015,13,9.47364897613,
0,7.89437576949,1,2.25934787005,2,9.95853089174,3,9.86653108923,4,6.59479064122,5,9.97279410051,6,9.96290276845,7,9.70183921334,8,9.97192444143,9,9.96066733146,10,9.96207752212,11,9.79955905367,12,8.28231905482,13,9.88693699293,14,9.55533319082,15,9.97792060801,
7,0.005,
13,0.005,
7,0.005,
0,2.81309413588,1,7.65749069069,2,9.36541567748,3,9.88538064559,4,2.32899475642,5,8.9981605439,6,9.06419994892,7,9.85561549047,8,1.45295914159,9,6.38413579048,10,8.97814756386,11,5.64260167327,12,9.80138163504,13,8.77572389684,14,8.67304984317,15,5.37894726079,
0,6.40736566107,1,8.95321392083,2,8.35736861938,9,0.005,
0,9.99913493483,1,9.99673242375,2,9.99700267293,3,1.58981435324,4,0.906795727006,5,9.97915648687,6,9.99180875757,7,2.24110885813,8,9.9974374769,9,9.98168169046,10,7.99092577484,11,9.91248796484,12,9.99591133714,13,9.94814322776,14,9.98516297105,15,9.95796883744,
12,0.005,
0,0.385267520313,1,5.26203387273,2,9.59800355406,3,9.60752126438,4,7.95307976074,5,1.67048600536,6,9.86230864898,7,7.20106495014,8,9.946868832,9,9.98250010929,10,9.65418505845,11,9.48077770914,12,1.74099780186,13,4.20616764217,14,8.47287398382,
10,0.005,
0,4.26609428492,1,7.64307437587,2,8.45484693512,3,9.94641081295,4,8.13050254409,5,8.3272240994,7,9.76647722084,8,9.75440557454,9,9.27069419051,13,5.16639621446,14,7.79245439719,15,6.77433102576,
13,0.005,
0,1.57007602969,1,8.56037150349,2,7.33881969763,3,8.99377731654,4,3.39273871635,6,9.46272690706,7,7.14732413047,8,9.49744396249,9,9.79515365929,12,6.41826351061,
0,9.29794506243,1,9.89553832774,2,7.84996324291,3,0.501021687463,5,8.22939849942,8,0.005,9,9.63761018451,13,9.61249793088,
5,0.005,
11,0.005,
0,9.8911091122,3,9.24964614038,5,0.005,6,7.54416126332,7,7.56667358678,8,9.72228235015,9,8.58283768703,10,3.53281352363,12,7.5482334978,
1,9.73103431449,2,9.90657404378,3,4.85712210643,4,7.8730753515,6,8.29068444126,8,9.75868870983,9,9.89858502399,11,5.62822730244,12,7.55824229853,
15,0.005,
1,9.73286041422,3,0.005,4,1.89066458116,8,8.99161753015,14,4.32655022685,
0,9.73756790868,1,9.86648235962,2,5.29646369968,3,9.71587965283,4,9.78385274455,5,6.4087166863,6,9.48756187531,7,9.87642064053,8,7.63798104472,9,9.96720506508,10,9.96680117153,12,8.87336642432,13,9.746057253,15,8.81191427616,
0,9.98038353384,1,9.99043400548,2,9.99757720131,3,9.98891890269,4,9.98715044952,5,0.41948124114,6,9.98290620694,7,6.22592426931,8,9.98163773199,9,9.98553550844,10,9.99309069247,11,9.96850725576,12,9.98666475027,13,9.99803138762,14,9.97631420756,15,9.90096195324,
13,0.005,
1,9.12984927613,6,0.005,
11,0.005,
0,9.98058190425,1,9.96436736689,2,9.99636920992,3,9.97731801214,4,9.99949921452,5,7.93315902833,6,3.9300596762,7,9.97943367836,8,0.0657900699903,9,9.99704195013,10,9.99735548659,11,4.50328277657,12,9.99780713685,13,9.95400583901,14,9.90664565994,15,9.92754501024,
0,2.35076017002,1,2.42175208134,2,2.42187490624,3,5.67816666588,4,0.979391283262,5,7.50578319271,6,7.14852196157,7,9.81182301286,8,6.4876954268,9,7.38961328992,10,5.97406989125,11,7.6007711385,12,9.50062169144,13,2.38213627073,14,7.60240224325,15,7.25883352456,
0,9.97240833382,1,9.93522369021,2,9.95225402827,3,3.85144186625,4,9.97608143424,5,1.31820358727,6,9.86997244243,7,3.85105444176,8,0.475959592095,9,9.96538822565,10,9.82338312939,11,9.87447607614,12,9.59904238274,13,9.57070562476,14,9.30329732749,15,7.0334833061,
0,9.97852054495,1,2.75174561572,2,1.68100429346,3,1.11148592411,4,5.73607874115,5,1.62341981104,6,9.87764424954,7,9.93696003501,8,9.95195765626,9,5.78952917787,10,1.6419713035,11,1.77759162033,12,9.88054121046,13,9.91505840698,14,9.86953439598,15,5.07983354898,
0,5.36163644495,1,9.36898740258,2,9.61139577387,3,0.204852861016,4,6.55915609682,5,8.4351961212,6,9.74155757614,7,7.71738702908,8,8.49879925694,9,8.44272306959,10,9.34086082273,11,8.18797396405,13,8.82105847101,14,1.71931121333,15,8.68274357618,
0,2.52149958084,1,2.80143010385,2,0.487897838584,3,7.49111410472,4,9.63004390209,5,8.87245757065,6,9.26269050994,8,7.47514972479,9,4.70440321669,10,9.18357460779,12,7.53073685854,13,5.36328445142,14,8.80873207006,
0,9.46481877912,1,9.70298183975,2,8.49004995046,3,9.6507450645,4,9.92774238751,5,9.63829516759,7,9.69448285564,8,4.57799729224,9,8.25638035196,11,8.76226872046,14,8.16921686671,15,9.48938582194,
7,0.005,
0,1.03202352714,1,5.53901174893,2,9.78002591886,3,9.95462004742,4,9.74606757689,5,9.97712626659,6,9.98691211182,7,0.676607743801,8,9.94632809237,9,9.82858355386,10,9.87286474966,11,9.91131757313,12,9.84361723224,13,5.97265780056,14,9.94138659341,
0,9.16566897351,2,0.005,4,9.94290946401,5,9.35608856264,6,9.34592819798,8,8.26254716659,10,0.293033842429,13,3.27431082341,
0,9.823378995,1,2.85982720367,2,9.98437231403,3,9.90307019026,4,0.70119365998,5,9.9992890915,6,9.61290520246,7,9.94214859937,8,9.6961863027,9,1.98378160248,10,5.98858783068,11,8.95922996772,12,9.6514266349,13,9.98752489491,14,9.95266789132,15,9.89517834514,
0,4.64546519446,1,2.26782467006,2,1.81670956,3,2.42026218388,4,1.86096715221,5,5.71748957861,6,3.04027396989,8,1.00125600952,9,2.09096353835,10,5.65228517196,11,4.36454538231,12,4.16097616019,13,6.26484474024,14,4.97137763285,15,3.76197722775,
0,3.20752628233,2,7.28642520812,4,9.08114351565,6,3.83958958326,7,0.005,8,7.68883896965,12,4.86078548977,
5,0.005,
0,9.51745415651,6,0.005,13,9.61962124489,
0,9.97346776838,1,9.39651794708,2,9.28462547478,3,9.47479849504,4,1.84421080461,6,9.44135725434,7,9.45350780284,8,9.36063164055,9,9.76691949368,10,9.45984750455,11,9.29250948147,12,9.5433360471,
0,9.61425145838,1,3.91201454256,2,9.74296473883,3,9.99478559557,4,6.50400682692,5,7.3184367155,6,6.65576103717,7,9.6147449233,8,4.72998350822,9,8.79554781586,10,0.30138844585,11,7.25255409834,12,9.89945193698,13,9.35315009016,14,9.99356152693,15,9.51681606232,
0,3.44032906131,1,3.21339388095,2,1.05500606963,3,9.98442207974,4,0.532382363604,5,8.42684771791,6,1.96675348675,7,1.06013807286,8,9.97404990116,10,8.99645081369,11,9.24195207872,12,9.4478818667,13,6.52736659667,14,9.45429244625,15,5.42451238057,
0,9.98702758209,1,9.95478710908,2,0.618204204289,3,9.94483673681,4,9.9907097396,5,9.98849146171,6,3.93361034398,7,9.99505639893,8,9.99615487951,9,9.96679255584,10,9.89666177574,11,9.91431150351,12,9.98415057401,13,9.94476044702,14,9.86847426571,15,9.8326398145,
2,0.005,3,7.00713412156,
5,0.005,
0,2.94676491755,1,7.70480714582,2,9.67062681547,4,7.83602713816,5,3.46847956597,6,8.65550006873,7,4.49402070264,8,9.99415960852,9,9.80280314243,10,9.88767295839,11,9.69806784318,12,5.60573897312,13,4.48880328873,14,9.08510043971,15,8.21871505444,
0,8.40593252232,1,9.9972790917,2,9.99736773924,3,9.99520286057,4,9.99221031233,5,7.51619434158,6,9.97626365523,7,9.93208484067,8,7.20008110034,9,9.99850755717,10,0.625714201142,11,9.98408569537,12,0.314885720195,13,9.9878069014,14,9.96455986369,15,9.78436246415,
14,0.005,
6,0.005,
15,0.005,
0,2.28044829867,1,4.23582666024,2,6.00505543916,3,0.625404764804,4,6.15538514424,5,2.6554123332,6,3.2607332986,8,0.562500166468,9,4.59814779571,10,1.26558077686,11,7.74602771204,12,2.13684518108,14,2.47765543317,
7,0.005,8,9.77740824191,
0,3.27540740615,1,5.17005720428,2,9.37116323667,3,7.87680117376,4,2.53359855399,5,6.96359404865,6,4.89002086739,8,0.734946896647,9,2.31226279861,10,1.96445187949,12,4.81634716497,13,2.4716150132,14,1.84293178883,
12,0.005,
15,0.005,
0,9.98856761936,1,3.68560248526,2,9.52148293203,3,9.31130344511,4,7.34480389162,5,9.69183716523,6,3.99660924618,8,9.99103155249,9,8.51994875771,10,9.89172506488,11,8.91298760585,12,9.91465161944,13,9.26581836519,14,3.70873543621,15,8.2475208578,
7,0.005,
0,6.06392605629,1,9.98386049805,2,9.98293626574,3,9.77657740713,4,9.99639137972,5,0.483382222937,6,9.89672147268,7,9.96516495396,8,9.9426079895,9,9.9614518335,10,9.82013402509,11,9.85235018943,12,9.9880164785,13,9.75256354976,14,9.87488887126,15,8.66770830935,
0,7.48565096465,1,8.58912276886,2,3.31213067557,3,8.76735010239,4,0.254793644088,5,4.57654637423,6,3.72217078762,7,7.69089967344,8,0.191383086515,9,9.89468380442,10,0.787644693968,11,8.53788004311,12,7.28114161044,13,8.50493752812,14,7.26371697879,15,7.51917595928,
0,9.77773095704,1,9.9935211273,2,6.6203962996,3,7.76281630514,4,2.40759985314,5,9.8628598097,6,7.60898835686,7,8.06068037835,8,2.33557144765,9,9.83056708673,10,1.58974499282,11,6.72802120638,12,2.45640929106,14,9.86697301958,
0,4.13956466573,1,9.44957138364,2,9.97260711557,3,8.49361815062,4,5.12339794353,5,5.31795264417,8,9.76746804804,9,9.09512967671,10,5.11424582853,11,9.20664486423,13,8.86195502297,14,6.5138523244,
11,0.005,
12,0.005,
11,0.005,
11,0.005,
2,8.78372179735,3,6.75536696593,4,1.98428731996,6,7.81527375375,10,4.30375111757,
0,2.7717630375,1,1.85134355914,2,8.07776692052,3,9.16814310305,4,9.22265187586,5,9.34722513703,6,9.6346701055,7,2.76318164996,8,9.89346315036,9,6.42203411699,10,2.89561872459,11,9.4743579149,12,9.47885112597,13,9.59634263454,14,7.08685221046,
0,9.57283935104,1,9.83958262163,2,3.51166800292,3,9.82563931352,4,5.11701212887,5,4.08277830519,6,9.89384622434,8,7.11046800377,11,9.29926743663,12,9.47760163025,13,9.15667072031,14,9.34948435595,15,9.37942781497,
0,9.82546920761,1,0.005,2,9.77927429447,4,9.71561866745,5,6.60197302492,6,8.96914938259,8,9.66205041373,9,3.93876342757,
13,0.005,
5,0.005,
1,9.08559512398,5,9.35183283163,10,0.005,
10,0.005,
13,0.005,
0,4.55326127863,1,1.99054611089,2,0.411541385866,3,6.81701958064,4,5.23526394373,5,8.33320574748,6,6.8997353094,7,1.04099200476,8,7.46929938225,9,4.70222463409,10,8.28747764188,11,9.48585730824,12,9.17395501928,14,4.81126460972,
0,7.67914117498,1,1.40117322498,2,4.17144335194,3,2.72671819695,6,5.79855306087,8,9.02748802017,10,8.24709673895,12,1.41022269242,13,9.09284579917,14,9.57502438482,
0,3.70502165794,1,8.94295521924,2,8.07332821481,3,8.01354859468,4,0.634661767057,5,9.843623195,6,9.16938839351,7,6.22914151541,8,9.35988628156,9,9.61100840066,10,9.06936424427,12,9.22934245987,13,8.22960162921,
0,9.88531033169,1,9.93825117869,2,6.05482744969,3,9.49732677174,4,9.56480221218,5,9.73872537762,6,5.54852830795,7,2.62818464821,8,1.97679862065,9,7.54625181053,10,9.92189762633,11,9.45980273786,12,9.97061984859,13,9.86327911622,14,9.88837036063,15,7.76877895569,
0,9.86993805215,1,1.88729288324,2,5.0608590976,3,9.97316158165,4,0.166028439778,5,8.35017207361,6,2.49346409808,7,9.53677645536,8,3.28787934073,9,7.90409429215,10,0.0757555703055,11,0.48115109832,12,7.44723427075,13,9.70213865128,14,1.21069294603,15,2.40679869074,
0,9.98487874329,1,1.32008696932,2,9.99967703382,3,9.99664432861,4,9.95030841282,5,9.98780350924,6,9.99861782618,7,9.91277102556,8,9.98650148271,9,9.97658900546,10,9.95680753843,11,9.93503577422,12,0.298113503991,13,9.997017519,14,9.98034708583,15,9.46909200535,
15,0.005,
0,9.99040559451,1,9.97381256172,2,9.86686332803,3,9.94032006608,4,9.92875755392,5,2.27050553095,6,9.95341681824,7,9.66728177097,8,9.99452676608,9,9.86758660707,10,9.98931207815,11,9.95653262335,12,9.20309093124,13,9.84847676528,14,9.95638175823,15,9.60911951902,
1,4.41207650215,3,5.5013826519,7,9.00026560826,11,7.21561234515,12,2.17612063363,
0,7.69664813442,1,1.68965720794,2,1.22666163274,3,4.7533863585,4,2.8548918195,5,9.04428032159,6,1.41159504731,7,2.90427414313,8,3.2058371899,9,1.03015457998,10,0.769377970745,11,9.62241579153,12,8.90698559957,13,7.20974777091,14,6.2583429884,15,9.90404342838,
0,7.14809158468,1,5.68531955106,2,7.25145155701,4,8.12785124739,5,5.30677016877,6,7.57039757472,7,7.68387433436,8,8.83558782422,13,9.56853675356,14,8.23354967366,
14,0.005,
6,0.005,9,7.29785471088,
1,5.50730763823,2,9.67896555016,10,9.85239597036,
0,9.94388217431,1,9.99790875698,2,2.79062552906,3,9.92626509931,4,9.9752589581,5,9.97394015877,6,0.583613866318,7,9.9884314387,8,9.99810038709,9,9.98776785408,10,9.91171985125,11,9.93919432213,12,9.99292745877,13,9.97992696023,14,9.50504904393,15,9.69044104689,
13,0.005,
11,0.005,
0,4.73409923344,1,6.4142879018,2,8.43405481517,3,9.75315946374,4,5.45601038169,6,6.39441142674,7,4.89494036244,8,9.82904200844,9,9.82757438961,10,8.60071969099,12,5.39782445566,14,7.86645045175,
0,9.94328081189,1,8.492198157,2,7.31684953346,3,9.90540631482,4,1.78027714598,5,9.69347301483,6,9.91170902265,7,9.11881946235,8,9.86639739871,9,5.92421718818,10,9.66723553419,11,9.92603298731,12,9.74386306559,13,9.20330205906,14,9.71249647947,
0,9.97164424121,1,9.98175605856,2,1.4818967608,3,9.8462042612,4,1.12914774213,5,9.94591030943,6,6.72855959689,7,9.86966012185,8,9.78453874149,9,9.90295206322,10,9.77395502864,11,9.12102651083,12,5.38302456138,13,9.91521173163,14,9.99459520194,15,9.75237123166,
0,9.96834440091,1,4.37008117517,2,0.564204842949,3,2.29291819075,4,8.92480756256,5,7.04508337595,6,9.87304787595,7,8.27786344477,8,8.84626610698,9,9.98797189725,10,9.83471661758,11,6.57286569634,12,9.24213011415,13,9.41760245289,14,8.95593051501,
11,0.005,
6,0.005,
3,0.005,
0,2.36721782261,1,9.77774101794,2,2.54973368584,3,8.67560959939,4,9.32323207979,5,9.58786559585,6,4.55111101108,7,9.70203042679,8,9.80370684912,9,2.71604142814,10,6.07903547837,11,9.77659717388,12,8.11236556741,13,5.47860600392,14,9.63383283137,15,9.57240185517,
14,0.005,
15,0.005,
0,9.55199057003,1,9.39112798133,2,9.96008195885,3,9.7728768369,4,9.38956818534,5,4.74132929273,6,6.2434847892,8,3.88057954649,9,9.85723050249,10,9.30682063909,11,9.37030789387,12,0.005,
13,0.005,
0,9.99880396029,1,9.9363875391,2,9.84243327506,3,8.18485533673,4,9.92825096275,5,9.93698343865,6,9.36824185126,7,8.7463225907,8,2.5450188601,9,9.44888764399,10,9.81398371617,11,9.38072349379,12,9.47776102683,13,9.10420838995,14,7.93367696811,15,9.289288988,
15,0.005,
0,6.38461617988,3,9.84331067906,11,0.005,12,7.35721126352,
0,6.95048204001,1,4.28076230363,2,0.487708807266,3,9.85480483743,4,8.41396666541,5,9.35589888032,6,7.32741474933,7,9.13068374447,8,9.98162965427,9,9.96755134598,10,9.21225554234,11,8.43970537737,12,7.83588625457,13,8.37210014488,14,9.3828486251,15,8.54319329007,
0,9.23720066393,1,9.92452332472,2,9.96332647523,3,9.97496866766,4,1.37038020506,5,9.51649045129,6,9.96562496177,7,9.36905823911,8,2.65025856786,9,1.97626843243,10,9.10327281113,11,6.65989329956,12,9.9122840517,13,9.44351869043,14,9.94506526808,15,8.78516194163,
0,2.45717197361,1,0.354053514089,2,6.59400039634,3,8.43182341899,4,9.46393820143,5,1.91891872442,6,8.22420370003,7,9.48505638785,8,5.80742400869,9,8.21846887109,10,8.47080664084,11,8.70192968943,12,7.13552521151,13,4.00835920444,14,8.6965054332,15,3.67478503475,
5,0.005,8,9.85312505871,10,2.99740729146,
9,0.005,
0,8.81234894716,1,9.19650842873,2,9.43390132536,3,8.83763863353,4,9.60805918483,5,9.96670209028,6,7.54422451662,8,4.21346008128,9,9.33911926619,10,0.005,11,9.82520244942,12,9.12657210385,14,9.68960764543,
0,9.11229768646,1,8.05924859457,2,7.50909744818,3,0.005,5,9.51050410644,13,9.61773228417,
1,9.33057343009,2,9.55356414919,3,0.005,4,6.55838571604,
0,9.90937342507,1,2.71539059627,2,4.84652625807,3,8.97184733546,4,9.90720271572,5,8.52826768624,8,7.05537596439,9,5.58865839459,10,8.18974539113,12,9.7989315532,13,8.55133036484,14,4.21719461458,
0,9.87185023954,1,0.998065777366,2,9.62651281342,4,4.60270152813,5,8.49420156911,10,9.81914412331,12,7.55084017855,13,8.53152995924,14,2.63940222656,15,8.42753639416,
13,0.005,
0,4.42086115353,1,9.85601725096,2,6.26985656094,3,5.91155658068,4,5.60454623384,5,5.38948123315,6,5.35516110389,8,9.21761910141,9,7.17919301911,10,7.93901277692,12,7.01602194304,14,6.51067950071,
13,0.005,
11,0.005,
0,9.92439004482,1,9.94591671601,2,0.0769479692122,3,9.83818055785,4,3.41305188045,5,9.83729995491,6,9.9301499874,7,9.9943587171,8,9.97893901065,9,9.92577589516,10,1.18863784777,11,9.9842937058,12,9.84517922853,13,9.19592291548,14,8.81250170898,
14,0.005,
0,0.967473971837,1,9.88829539448,2,0.745139261977,3,7.28272255956,4,9.26963609506,5,2.84792893109,6,7.62086484196,7,4.35623640974,8,2.95842241646,9,0.189788493612,10,9.83553873229,11,6.13108248407,12,9.09902223067,13,8.54763109091,14,8.78568436607,15,5.86730378082,
11,0.005,
0,9.84006774939,1,2.80913932728,2,4.70431538374,3,0.805120511768,4,9.72598508092,5,9.92562373348,6,4.28921676173,7,4.48002484187,8,4.3047243562,9,7.46640473979,10,6.76018250813,11,8.17500569474,12,5.7950528915,14,8.07394326206,15,9.85432342756,
5,0.005,
11,0.005,
0,6.09851077258,1,1.61144061724,2,9.90594373156,3,9.97577082834,4,9.96288221579,5,9.63993263494,6,6.04089115008,7,9.91261519424,8,9.95237943212,9,9.68333678301,10,4.47939344284,11,4.75597692396,12,9.96723343271,13,9.35839225104,
0,9.37170428608,1,1.67385766543,2,0.763031042221,3,0.698988679986,4,1.03460542656,5,3.97172584665,6,1.6030032501,7,1.28430452085,8,8.79837904206,9,7.79320657644,10,0.495509816053,11,7.12253180094,12,9.05699299106,13,9.98485709671,14,8.96842655508,15,5.22307908773,
0,9.96446468215,1,4.27692505462,2,9.49509118347,4,9.311998156,5,9.91316992323,6,9.0261037267,8,9.24269570278,10,5.63284589768,12,6.3876579401,
0,0.88992460856,1,9.15015691076,2,9.97728419874,3,9.5350602149,4,9.91844169733,5,9.68489583033,6,9.92973709679,7,5.41331047774,8,9.34928774927,9,8.42702358696,10,8.78830584998,11,8.95830113308,12,9.84036740073,13,7.9681490893,14,6.59372159347,15,3.22771450449,
0,3.90269295569,1,9.15875087299,2,9.79597393205,3,9.55788639656,4,9.81045963119,5,7.36439651834,6,6.64219788697,7,8.9649476135,8,8.84062293855,9,7.99638235589,10,7.18628560476,11,6.43234673679,12,8.78199796897,13,5.9835968554,14,4.81728279964,
0,7.3129677721,2,8.13347104782,3,9.67257813397,4,9.00610038317,6,7.74971686099,8,9.85513606319,11,9.84520768771,13,9.80175892583,14,8.40987950338,
13,0.005,
14,0.005,
0,0.327689257997,1,4.65129094332,2,6.55052613411,3,2.35022964743,4,9.88801944462,5,6.23115581694,6,7.76744255523,7,8.49938999872,8,4.78299064555,9,9.45694715616,10,8.63091550509,11,7.18913501511,12,8.88558562959,13,9.37672868399,14,9.68867914193,15,6.84080298201,
5,0.005,
0,9.91822036796,1,9.62704375615,2,9.07046810346,3,3.14157160075,4,8.96633629886,6,1.47773544458,8,4.68236705257,9,9.33860028902,11,9.88038669941,12,2.90965828999,
15,0.005,
0,8.27217148942,1,2.93688013854,2,3.35115216212,3,7.94392300096,4,8.80658951567,5,9.94151992313,6,9.448784796,9,7.18801265356,10,2.24187333054,11,9.08259396522,12,9.57852041109,13,5.82371126359,14,9.55823829613,15,9.14829640741,
11,0.005,
11,0.005,
0,5.21397261714,1,8.86867998918,2,6.01992322018,3,5.71181578855,4,5.46782024661,5,9.93025019067,6,9.3391951095,7,7.38823045809,8,9.852927611,10,8.55128290133,12,9.41657977192,13,7.91423757226,14,5.91518344477,
0,1.62855691611,1,9.92687332618,2,9.75724842514,3,9.92534932528,4,9.96523811182,5,6.23068083659,6,9.45264618513,7,8.80684106267,8,9.60240549781,9,9.94010506634,10,9.76700688598,11,9.6958244891,12,9.77245274677,13,8.37523344521,14,9.91838457905,
0,0.49767533402,1,3.5192895087,2,5.21070350603,3,9.34712888559,4,9.19788449347,5,2.56871278228,6,7.22134869037,7,6.85516497153,8,9.91540654796,10,7.66035947749,11,2.96027171104,12,8.74068853074,13,7.32782015206,14,6.07560405006,
7,0.005,
0,8.70643826714,1,9.9613898059,4,9.69101775496,6,0.005,8,5.87119362915,
14,0.005,
0,6.2490271235,2,8.75781833084,3,9.55703024912,4,9.14881627808,6,7.62078961632,9,9.38627171054,10,9.55326217692,12,6.34302304168,
11,0.005,
10,0.005,
0,5.58749372995,1,4.75571879765,2,9.86138951119,3,0.951358686818,4,6.17463700041,5,7.62624597079,6,2.11071827269,7,2.31097502881,8,8.94811344534,9,8.31448814896,11,8.87989425943,12,7.96782467892,13,7.90721554639,15,6.56131671647,
14,0.005,
0,5.38057158916,2,9.4575153612,4,7.48554716993,5,9.79205428296,10,7.46494562828,12,7.33731790351,15,9.75791094631,
14,0.005,
5,0.005,10,7.79474816571,
0,8.77786427318,5,0.005,8,9.96037555732,15,9.82919087797,
0,3.51821969844,1,9.86434439011,2,9.40334171975,3,9.85653779975,4,2.21147331768,5,4.39689704249,8,9.67831650159,9,8.29349568941,10,9.46230116625,11,8.79306576424,12,6.182970714,13,4.47681554963,14,6.42325675158,15,7.67794454294,
7,0.005,
0,1.18870225635,1,6.9638210262,2,3.34002044135,3,9.94897633694,4,5.86682875635,5,9.46206179442,6,5.39552423518,7,9.76322777993,8,3.12877270013,9,8.03531912666,10,5.25537718045,11,2.04149463406,12,3.96851686975,13,7.38250449102,14,8.77993821976,15,8.26798490565,
14,0.005,
11,0.005,
0,3.1672908494,1,9.33739958125,2,5.46224935784,3,9.74842919337,4,9.50116724544,5,8.31558057977,7,6.87406807405,8,9.79099528136,9,8.81420648681,10,9.66258296737,12,4.35277668666,13,8.27546622456,14,4.32070657244,
0,8.13640227199,2,4.25282868464,3,2.91618323859,4,8.22106809475,5,8.88953349905,8,9.66987918585,13,9.24883040936,14,9.34314408601,15,8.83364149482,
0,0.975320516015,1,9.87819021871,2,9.49723659294,3,9.70781906132,4,9.88551153454,5,9.20433034933,6,8.35246572097,8,0.754426904301,9,9.07122532709,10,1.89118962538,11,4.87833775768,12,2.65185917357,13,9.79806650787,14,9.95622779385,
2,7.03461856527,9,7.60883195474,13,0.005,
0,9.01205925397,1,9.6392617108,2,2.44777098997,3,9.429559645,4,8.34141542651,6,9.58639192169,7,8.23589001582,8,9.84251058542,11,3.25838970576,12,6.8460674076,13,9.15176329208,14,8.55933870491,
5,0.005,
0,9.73142882161,1,9.97282296058,2,9.98105515545,3,9.99076394479,4,9.99871289276,5,9.99808904122,6,9.60504075271,7,9.93182402919,8,3.95011639759,9,9.86428312513,10,9.87601271158,11,9.85855485727,12,7.9713483274,13,9.93154159909,14,9.75188264527,15,9.81378654512,
0,9.95859144235,1,9.76258750552,2,9.86544716555,3,9.69753036959,4,1.64852764095,5,9.50119118682,6,3.54679801047,7,9.71704726275,8,9.3206262081,9,9.86690434915,10,1.34623234631,11,9.82192190883,12,9.7050416753,13,9.62675629823,14,9.36072106979,15,8.13196725398,
0,2.83664550797,1,5.40466073448,2,9.73852586693,4,2.95837960266,6,5.00923669293,7,6.6358674946,8,3.87056995645,9,4.21366628338,10,3.55378592626,11,6.27947019438,13,6.72217602041,15,5.16901839765,
14,0.005,
0,2.63839949252,1,9.04360579029,2,0.219180981055,3,7.83703566107,4,6.70511505233,5,8.10242871816,6,9.07434828657,7,9.41788535445,8,5.72285055917,9,6.1001110381,10,8.20863708396,11,7.50270107839,12,5.2654505939,14,7.25398740059,
6,0.005,
0,4.49849802176,1,9.39826801978,2,9.49458646922,3,6.6233232525,4,0.0723230477376,5,9.97537465035,6,9.79934305151,7,8.30959499208,8,9.73504926521,9,9.90910395132,10,9.54533558027,11,9.46917072986,12,5.46609941389,13,6.15073551686,14,9.8896711113,15,8.94255275228,
0,9.60003947446,1,0.609743743467,2,1.63960994624,3,9.96424977465,4,0.992662507656,5,2.94824543617,6,0.432013290801,7,2.21805030138,8,7.06924329578,9,9.89206755602,10,3.37216593015,11,9.80202316404,12,4.84178256357,13,4.25548185052,14,6.82225165341,15,9.46969107136,
0,9.88297389557,1,9.74212512292,2,2.07781599833,3,9.49689690651,4,2.20167396997,5,9.39223385278,6,9.56549016231,8,8.64152521961,9,9.2537855869,10,9.92621023632,11,8.18309441394,12,1.87779374395,13,9.91299885907,14,9.96697835487,
0,9.99563871565,1,9.97777593084,2,9.95539489403,3,9.99108126771,4,9.98820144403,5,9.97139666099,6,9.95680258649,7,9.95176380207,8,0.566210961331,9,9.98554904978,10,9.98952947313,11,9.99609053124,12,9.9499755611,13,6.35915105036,14,9.98796011826,15,8.91517557671,
0,0.646052317316,2,7.28147808433,4,7.703860928,5,2.25257494543,6,5.89091311621,7,1.06973813968,8,6.12681951709,9,9.6332066734,11,9.20201380565,12,2.21335428749,13,1.96152002772,15,8.73332530609,
0,9.99389968501,1,9.99542718539,2,9.97707885439,3,9.91641077611,4,1.71881922654,5,9.98734930177,6,9.99499877861,7,9.98484350376,8,9.98615661533,9,9.93562290883,10,3.8717887408,11,9.43925843024,12,9.96513716056,13,9.96673590701,14,9.99329503518,15,9.98374232358,
10,0.005,
1,7.54279593908,4,8.97209996558,7,0.611263540023,10,5.46028999968,13,7.81557592518,
3,0.005,
7,0.005,
13,0.005,
0,5.10803289358,1,7.06405053363,2,9.13517706696,3,9.73434754847,4,9.7359417136,5,8.95896084426,6,7.51613617181,7,8.41568531156,8,8.87390719704,12,5.15434715009,13,9.37125152039,
11,0.005,
0,9.63956565477,1,9.73267581716,2,4.47102891985,3,9.12329006293,4,9.91434563884,5,8.49796757244,6,9.93151811473,7,5.11460121224,8,9.58901983558,9,9.82918066762,10,9.64855957024,11,9.88676757678,12,5.46966809195,13,7.52389417632,14,9.57573226154,
0,9.8505961427,1,9.88623206408,2,2.83910139774,3,9.83637478443,4,9.83951040088,5,9.15999162446,6,9.99061664846,7,9.04604365575,8,9.84021782396,9,9.99864621223,10,9.86901067316,11,9.58294197224,12,3.95851120467,13,9.4651866663,14,9.87162971259,
0,6.32431310258,1,9.33468613537,2,7.0870732675,3,9.81176155936,4,4.21833827077,6,9.98251679307,8,2.5301853217,9,9.9065942674,10,9.90927785054,11,5.14097185053,12,9.33608915247,
7,0.005,
0,8.492048202,1,8.99986759572,2,3.36622456732,3,0.005,4,9.47214755158,5,6.79215045767,7,9.09846045981,8,9.22394829893,9,9.68949032076,10,9.59281887731,11,8.50348378448,12,8.20447233335,13,7.5994581717,14,8.26070519249,
0,9.90792868098,1,0.62770894843,2,6.54307846777,3,1.1605199509,4,2.12059352354,5,3.63939281379,6,5.41743952342,7,9.68627114825,8,7.48335211032,9,9.8499084807,10,8.92512043949,11,9.44928491275,12,9.20314687852,13,0.36224162013,14,9.696112121,15,9.39091972257,
0,8.62918468091,2,2.18250896175,3,9.70591829843,4,8.65965988553,6,9.48506480173,8,9.73237809668,10,9.14101093663,11,9.04457790274,13,3.23810793214,
0,0.128028333142,1,9.97230432158,2,9.71511504924,3,9.37375782421,4,9.5335223449,5,9.2864497196,6,8.60554940192,7,9.87038599241,8,5.1299427567,9,0.605556217587,10,9.76742582518,12,9.41179927577,13,9.93787021259,14,9.32538857869,15,4.04643055859,
13,0.005,
12,0.005,
0,2.72089865185,1,9.61497307362,2,9.57476351941,3,9.10103140567,4,8.54976059782,5,4.87415255065,6,3.71432701404,7,2.94156582289,8,9.33966248139,9,9.83640474024,10,3.44552745277,11,9.48006405749,12,6.76853193964,13,5.63620383406,
0,9.39712504347,1,9.91714543268,2,9.23655884651,3,9.12568824793,4,9.5877260877,5,6.71875627928,6,9.8564095005,7,9.60667428658,8,0.555084636147,9,0.493187757972,10,9.99461467593,11,9.28483482403,12,8.96020844408,13,0.832635763344,14,8.39673081816,15,9.48348248357,
15,0.005,
0,1.32667729032,1,1.90266787724,2,8.79959715413,3,8.7237814815,4,8.10933157764,5,9.97412152394,6,3.6633321964,7,8.72285354323,8,1.50565217351,9,1.64110172189,10,6.32519366397,11,4.43382991316,12,8.35839823312,13,0.005,
13,0.005,
12,0.005,
0,4.2895716059,1,9.95588573684,2,0.0133117151862,3,9.57579380006,4,6.32617903019,5,8.6930516893,6,9.57648541826,7,1.46575344929,8,9.42894676333,9,9.83803176901,10,9.94499704618,11,4.84887018406,12,9.85724101087,13,9.14228775415,14,8.94808568384,15,6.62144734551,
15,0.005,
1,5.46575394251,4,8.94209882218,6,6.92365266063,14,0.005,
0,9.88255727607,1,3.84835895914,2,2.28097093944,3,9.94979763314,4,9.97683298543,5,9.98527641711,6,6.59710490335,7,9.27052397753,8,9.98646220869,9,9.99979151726,10,9.9282455244,11,9.71787821428,12,9.89864212294,13,9.86344098427,14,8.68314823084,15,9.72465798685,
0,9.65207785971,9,0.005,
0,9.95492372418,1,9.65674487387,2,1.02154792273,3,9.70191037455,4,9.9978402829,5,9.89122285218,6,9.89076001281,7,9.8907924522,8,9.98357534862,9,1.64012597575,10,9.79452259183,11,9.84497285858,12,9.84716286104,13,1.82970519592,14,9.61923998027,15,9.80362351768,
0,9.64358125396,1,1.07673682562,2,3.22960262725,3,9.73084620615,4,9.76213393589,5,9.30293789259,6,5.45850173435,7,9.75241214218,8,5.53744699897,9,9.85901159331,10,1.70625258101,11,9.82888060409,12,9.18089536202,13,6.26487582598,14,9.95719470202,15,9.02138607887,
1,9.99373120037,2,6.55227988665,3,9.18934486776,5,6.01488145875,6,6.7313276469,8,5.67676935513,9,9.08483153077,10,5.75954357176,
6,0.005,
14,0.005,
5,0.005,
5,0.005,
0,9.57529924788,1,9.84581808878,2,7.62071040812,3,9.87046181638,4,3.70530947362,5,9.83841423426,6,4.71303454376,7,9.42016191052,8,4.7487324553,9,9.98167829053,10,3.23531648071,11,9.92958118777,12,9.64165313386,13,9.94831613899,15,9.9366854469,
14,0.005,
7,0.005,
0,7.93121151045,1,7.26991832919,2,4.12047385809,5,8.09367514064,7,9.76129280458,10,9.24605298301,11,8.60158268805,12,8.69650087397,15,7.93435681048,
0,4.3970263434,1,9.29842002075,2,9.81281381339,3,4.86001199554,4,9.37613442827,5,9.43343167534,6,5.65090718334,8,8.30295189025,9,9.80138038669,10,9.41488035504,11,9.44039173002,12,6.29722443178,13,9.01732125925,14,8.63915068688,
0,1.05911819901,1,2.3743400502,2,7.44049306716,3,5.86344046155,4,6.98100634497,5,9.96234578909,6,3.34278338939,7,1.6662784586,8,9.39403126132,9,6.85460336477,10,5.99590676865,12,3.00962287027,14,8.32294958521,
0,9.22213817103,2,0.005,
9,0.005,
15,0.005,
0,7.47116745062,3,9.30122469391,4,9.59915396379,5,9.53387217661,13,0.005,
0,9.78350997886,14,0.005,
1,5.93084998459,8,9.59817207714,12,0.005,
10,0.005,
0,9.91244665489,1,0.756841601625,2,4.4579880962,3,9.53652278245,4,7.49860287923,5,4.92013127621,6,8.49540972575,7,7.2100457941,8,2.43965162164,9,1.51878360561,10,9.96835564561,11,0.0384553277934,12,9.97460174826,13,5.5449486711,14,3.13824755188,
0,1.96554829591,1,0.248529546976,2,9.48731511655,3,7.2549614446,4,6.52224663468,5,6.0595631798,6,9.85868486852,7,9.79068447777,8,7.8774545093,9,8.11353831665,10,4.90608104647,11,4.71527923489,12,4.00750487864,13,9.70739595682,14,7.93447929381,15,9.07779877105,
13,0.005,
0,1.81782424059,1,5.49523618201,2,1.79455538463,3,3.88065547116,4,6.66179563993,5,0.402880159609,6,4.91965487479,8,0.218640099746,9,1.01843710203,10,1.43577407553,11,2.07957731879,12,1.4246533018,13,7.11352222294,14,9.61272391321,
0,9.9940884445,1,9.99985030199,2,0.951054347938,3,9.97284438673,4,9.99820581285,5,9.99704224392,6,9.98528901746,7,9.97557829938,8,9.99676835718,9,9.99991599448,10,9.99851675256,11,9.99836256251,12,9.97708309238,13,9.99163973556,14,9.98847213054,15,9.44575351688,
11,0.005,
6,0.005,
0,9.77772202923,1,9.21189973407,8,7.67356250104,9,0.005,10,9.88057790599,12,9.98846092241,
0,2.10956682763,1,9.7935669897,2,3.56770910437,3,1.61786935684,4,7.40710945268,5,9.92749184536,6,6.96517999647,7,5.29591002688,8,1.31466690999,9,3.1789605968,11,9.41341052886,12,9.81323798638,13,6.59333440111,14,6.98158582137,
0,6.22291805545,1,5.5917538784,2,9.98480054988,3,8.79985230694,4,5.0559846073,5,9.85315386764,6,9.20079389319,8,9.25951769311,9,7.63607994933,11,7.64317705987,12,7.27454321443,14,6.65615905046,
0,9.31067233786,1,0.811252459188,2,9.77270545689,3,9.63394574238,4,9.70827726143,5,9.90982399735,6,9.98501500646,7,9.9724018909,8,5.70539520971,9,7.09313207807,10,3.50187600471,11,9.5373399546,12,9.82570257888,13,8.04919451138,14,9.87459949644,
9,0.005,
0,3.85324003591,1,9.7753139368,2,9.83462111737,3,9.87705481201,4,9.84944730266,6,9.14582397315,8,8.76987774254,10,7.23923833251,11,1.37496944701,12,6.46715235433,14,3.19290146111,
0,9.92863343088,1,9.92419871007,2,1.45221017021,3,2.4558314848,4,0.294397293545,5,9.87582907829,6,9.99550328719,7,8.7054010827,8,9.98383837024,9,9.89992159266,10,4.8804870851,11,9.97260037743,12,9.87156420223,13,9.87302657793,14,1.37704013524,15,8.7713263743,
0,5.63211937607,1,9.54942841104,2,7.19203477213,4,5.87392898804,5,8.62154849692,6,8.92890959204,7,0.005,8,7.68695427179,9,9.67625229825,12,7.22812615959,13,6.7939438952,14,6.30738191247,
11,0.005,
0,8.54293258346,1,9.94929501508,2,0.005,3,9.63438425708,4,4.1022369214,5,5.9779247727,6,8.63442662879,7,9.18716214337,8,4.30232116056,9,7.67952552575,10,7.39191970589,11,8.03392519091,13,8.92450339147,14,9.56674315658,15,7.77086996689,
11,0.005,
15,0.005,
6,0.005,
0,3.77976235502,1,8.20407091721,2,9.77108840956,3,8.01980392527,4,0.0663461105495,5,7.14788864113,6,9.9247509345,7,6.66158697709,8,9.56390265582,9,8.39222689147,11,4.62800392411,12,8.53615466032,14,9.0084924219,
5,0.005,
0,3.94686345573,1,9.54859970424,2,6.90777546604,3,4.56402953752,4,4.37741378189,5,5.36246336952,6,9.26285798162,8,8.88253263806,9,8.27290043327,10,9.16598904299,12,8.33663369867,13,6.96619647478,14,9.54473470028,
0,9.00196986703,1,3.42239332412,2,9.73737042429,4,6.98060343888,5,9.84672368106,6,8.12457239555,7,9.24388004186,9,7.29162201902,10,9.25096844611,12,9.57633279263,13,9.95561532348,15,7.883685121,
0,6.24681057702,2,9.57642177054,10,0.005,12,7.79610406789,13,6.46362227593,
14,0.005,
2,9.84091102715,5,0.005,
0,7.69268304533,1,9.82775008941,2,9.98015304144,3,9.75612077031,4,6.78805150969,5,9.95905293148,6,1.25377248507,7,9.75741579255,8,6.23418610891,9,9.69621920493,10,9.94456677852,11,9.95139645209,12,7.63543124037,13,6.77316635821,14,9.8563772696,15,9.14225434499,
13,0.005,
10,0.005,
0,9.97504432015,1,0.130981290822,2,1.08983524198,3,3.1135284668,4,9.86785151168,5,9.69936294017,6,9.88494474741,7,9.77578535026,8,8.7352243179,9,9.76680265421,10,2.75085836154,11,9.90836581702,12,9.46146293557,13,4.2501632662,14,8.32174566958,15,8.83635126782,
0,0.277541319984,1,5.44909637038,2,9.15077414529,3,8.87965543694,4,0.430232086163,5,9.56235673086,6,7.70286790367,7,2.47338870749,8,4.03584437772,9,6.54304137616,10,9.32251838143,11,9.4871825901,12,6.29390285536,13,8.75763850146,14,8.66140019454,
5,0.005,
11,0.005,
14,0.005,
0,9.99531449975,1,9.98892418011,2,9.99367796834,3,6.47108375865,4,9.99786240954,5,9.98533722262,6,9.98388441897,7,9.98976873865,8,1.87979371188,9,9.99557513649,10,9.99901436615,11,9.98533955265,12,9.99977442706,13,9.97799985279,14,9.98206358125,15,9.88744056946,
1,9.70025380885,12,0.005,
0,3.28399051803,2,7.65524797441,4,6.8779081226,5,7.0841530978,6,8.73100026889,8,8.66198523822,9,9.8321700668,10,5.94519232366,12,8.81058081649,13,4.56912372797,14,6.91009502326,
0,9.9564936857,1,9.93398002468,2,9.91710484003,3,5.77697586636,4,9.8681534042,5,9.97644129316,6,4.41110125341,7,9.92753077592,8,9.87849337244,9,9.99702517499,10,9.94535121291,11,9.6751446995,12,9.94304986741,13,9.85806643625,14,9.99069554488,15,7.89319600251,
0,9.86570584746,1,8.43916344801,2,9.23635196806,3,3.34141423934,4,0.86710845734,5,9.10887324091,6,9.03392144048,7,5.57207253564,8,9.2725915887,10,9.84162903685,11,5.60225047958,12,5.23980818537,13,9.7941996964,
0,9.11090708605,1,9.18808600894,3,9.78577237475,6,0.005,11,9.75311917638,
14,0.005,
0,7.16813376898,1,8.96291054883,2,9.63861986421,3,7.54811893313,4,9.85341168533,5,6.48050161434,6,9.10171162539,7,9.68795596815,8,9.54579841909,10,0.662745781235,12,0.0187832171717,
0,2.92367014226,1,1.35939450986,2,9.73835443405,3,5.9598137056,4,0.245016588158,5,9.94265826725,6,9.32778847817,7,2.68591779233,8,7.26065462198,10,9.30889494553,11,4.92938835727,12,5.80550330414,13,8.35313578126,14,7.87895452094,
0,9.94695807377,1,9.96863026893,2,1.92650420758,3,9.99343648528,4,9.95958607857,5,3.40560746773,6,9.98236685548,7,9.86194196466,8,9.99361151429,9,9.92802043541,10,9.99987131011,11,9.91844153419,12,7.51418757148,13,9.99227384678,14,9.92457512145,15,8.67886142931,
0,2.25496680687,1,8.59281773493,2,5.56611653328,3,8.97639966975,4,7.80712781286,5,9.92760224351,6,7.58225262868,7,8.4585100823,8,7.85586512643,9,9.03606040285,10,9.65843174755,11,9.82727104167,12,9.83209571348,13,8.86361852105,14,5.86847764864,
14,0.005,
0,4.02563974104,1,6.16967854835,2,9.95987092306,3,1.9732778774,4,9.58070429217,5,9.83314282602,6,9.86156628076,8,8.71240115805,9,9.19817678293,10,7.02098402925,12,9.73798290701,13,0.685361815883,14,9.0340203777,
15,0.005,
0,5.84555003722,1,7.0672518878,2,5.82961115083,3,5.4502189623,4,9.23838553048,6,2.84453977531,7,7.30076293475,8,9.98965166246,9,8.08089143251,10,6.8256411343,12,6.42622358478,13,0.145745198056,14,8.38658833902,
0,0.256744665487,1,2.99919589239,2,8.92881710131,3,1.70959160027,4,9.48208702756,5,5.4863059827,6,0.784074380714,7,7.84876818598,8,9.29352159416,10,1.60995333839,11,9.83634141662,12,1.1308302738,13,7.81256591215,
0,7.95499639343,1,7.4208159952,4,8.14441819416,6,7.49433270374,7,8.85902191912,9,9.7246236784,13,9.79012083293,14,9.2429468413,
7,0.005,
14,0.005,
0,9.9513395658,1,9.97954233348,2,9.93615850774,3,9.9899510942,4,9.97601285412,5,5.13287055113,6,1.1784114959,7,3.26920857471,8,9.98745324596,9,9.8446256526,10,9.98738444515,11,9.68768041673,12,3.82776282841,13,9.75793770409,14,9.2336334888,15,9.06032752532,
11,0.005,
0,9.98953734852,1,9.99450386504,2,9.97929596845,3,9.92373874793,4,9.98675746187,5,9.98076657066,6,9.89178652173,7,9.99575178034,8,2.29689673657,9,9.9926121561,10,9.98550988211,11,9.94436025736,12,9.97546859954,13,9.95874159592,14,9.88008148061,15,9.6449190446,
0,5.36645324899,1,9.07511406349,2,6.69525851877,3,6.01497022152,5,7.99376425891,6,5.53008373162,8,8.33500602767,9,9.35436232497,10,7.30350819393,12,8.4628768646,13,5.51372976472,14,6.02800492793,
13,0.005,
14,0.005,
7,0.005,
0,8.65174640473,1,7.11389739305,2,9.24087408178,4,3.30264054196,8,7.557458804,9,9.76519792695,11,9.53357281756,12,4.23594927561,14,4.22751692186,
0,8.56962032254,1,9.86406429196,2,9.26546311314,3,4.93251896973,4,2.66741982638,6,8.89998347682,7,9.67742865545,8,9.10356637089,9,9.3822706941,10,9.29110239138,12,9.32841752843,
13,0.005,
2,3.62940134602,3,4.21122958161,4,9.86338207374,9,8.22286728232,12,5.89583762488,13,0.005,
10,0.005,
5,0.005,
0,5.95946189173,1,6.68523556783,2,9.10998590264,4,8.75656970075,6,6.55107456549,8,6.19276487137,9,7.09198089259,10,9.63769855441,12,9.76064556676,13,7.86832643489,15,6.26352130709,
0,9.88257139283,1,1.37608658657,2,2.7031840181,3,9.69908894453,4,9.87741722707,5,9.59257381206,6,4.91292100472,7,9.51899844194,8,9.77074805135,9,8.9835363185,10,4.61760907947,11,9.97066963216,12,9.9180015968,13,8.85919541941,14,9.96191608856,15,8.60377858288,
0,7.77706133937,1,9.7993516122,2,9.87594190809,3,9.99917511693,4,9.61513089666,5,9.86342685324,6,9.8870132227,7,9.57092928894,8,3.11725648661,9,0.501622591503,10,9.80072533231,11,9.09933523841,12,2.37099147562,13,9.60430816705,14,4.81696531472,15,9.52066392578,
11,0.005,
0,9.93667419331,1,9.820783139,2,9.72319936461,3,9.73574851594,4,2.23214153727,5,3.1738137893,6,9.76448294647,7,9.70379337438,8,9.99737072246,9,6.02165573008,10,9.92707090136,11,9.97916592276,12,0.746087822326,13,9.43274803752,14,9.88131777977,15,9.32107292684,
13,0.005,
0,1.47025133489,1,8.58968963572,2,9.29116606965,3,7.44389747042,4,3.39345747857,5,9.7279883942,6,8.73435076274,8,4.99366788634,9,7.08363131222,12,5.87704367599,13,8.77244102691,14,9.03919349765,
0,2.86240541578,1,5.30305060904,2,7.33960022708,3,8.09895314815,4,6.71696662863,5,4.50268870719,6,8.4498616324,7,7.8276595959,8,9.75823280492,9,5.85914640081,10,4.73533238356,11,9.53575701103,12,6.23849184448,13,2.90885385721,14,3.18312370591,15,7.51498628057,
7,0.005,8,2.83943003615,12,9.16315346444,
0,2.18375614203,1,9.97824484632,2,9.96905609998,3,2.9701995641,4,9.96622763803,5,3.95235423861,6,9.98260040025,7,9.98283104476,8,9.77845945615,9,9.28855220819,10,9.97271989409,11,4.12198492478,12,4.25556280477,13,9.57216214787,14,2.84552058854,
13,0.005,
0,4.79730234468,1,9.77595469363,2,3.98276501248,3,1.52430257743,4,8.81615497552,5,8.31305839783,6,9.85429597951,7,6.40901466624,8,0.49304198588,9,9.20060411706,10,8.44026947862,11,9.85020943515,12,9.58601819639,13,3.82120987936,14,9.92937472849,15,9.64211760216,
0,9.00642324393,7,0.005,10,9.55195706262,12,9.38368180049,13,9.18268263617,
0,7.39838594709,2,8.35101586831,3,9.33910441654,5,8.96661299235,6,7.95393762945,9,9.10349304747,12,8.22062539056,
0,9.94524119604,1,6.95175861535,2,9.51951950898,4,9.09951107063,5,9.14371312533,10,0.005,12,9.07829412914,14,8.77017988349,15,9.75567237221,
0,8.77674753225,1,6.51706439757,8,0.005,10,5.38691485641,11,9.34153611323,12,8.85377637124,
0,7.1497803327,3,9.45460024761,4,9.82822100932,5,0.005,6,9.33486677893,8,9.34717416602,9,8.36175640614,10,4.83315340839,14,8.60156226683,
0,9.81237449993,1,9.87531869039,2,1.53618947085,3,0.386967303846,4,8.94668765378,5,4.34505722006,6,9.81457874449,7,9.84923500289,8,9.9918669668,9,7.42274773678,10,0.259754659807,11,9.65423359668,12,9.89539414857,13,9.79884208524,14,9.53875675776,15,9.81851959038,
15,0.005,
0,1.90217087421,1,5.74050452139,2,7.92364635214,3,9.50356193326,4,1.98343014913,5,1.87377240067,6,0.342101447974,7,8.61305455394,8,7.08610808668,9,9.2397274225,10,0.085128207465,11,8.68600988055,12,3.1672755964,13,8.61025596081,14,2.97943654824,15,5.36326855672,
0,1.78352150401,1,2.80951713771,2,1.72548983937,3,2.95290911821,4,8.16027067877,5,8.69781728189,6,9.96797757149,7,8.42615147914,8,9.56132600103,9,9.19454949123,10,8.9086332476,11,9.16259991423,12,8.79682026709,13,7.36652062253,14,9.84473311833,
14,0.005,
0,2.2433426502,1,9.97327173685,2,9.98397993801,3,9.99127833017,4,9.88387394003,5,2.70326713582,6,3.52435235956,7,2.9371686688,8,9.96351269273,9,9.84561020469,10,9.96042934002,11,9.52900878607,12,7.54607112776,13,8.92171401691,14,8.83479100904,
11,0.005,
12,0.005,
0,7.24796543894,1,9.95252249112,2,9.86090142693,3,3.3208513838,4,5.89025348076,5,9.1758699942,6,9.8690885419,7,8.85396954849,8,9.68181806875,9,9.94547173403,10,7.46167765084,11,9.40834604527,12,3.29543212268,13,9.46692707636,14,9.56091549275,15,4.86110480815,
9,0.005,
1,7.70240577704,4,9.37031665606,10,0.005,
0,4.01695499174,1,8.26497686527,5,9.05555353424,6,6.84877460781,7,7.84588787845,8,9.52193499973,10,6.7213159102,12,6.43292870357,13,8.26208277726,14,6.09703878329,
0,6.81357788823,1,5.53600902374,2,9.16502909485,3,7.47114747011,4,6.40563419534,5,9.65467721135,6,7.77659078785,7,9.09725396888,8,4.03847725515,9,0.345417889975,10,9.97125601047,11,1.2467591343,12,0.269973522629,13,1.43939556484,14,9.1445246668,
0,9.98827245641,1,1.85881957041,2,7.70062801355,3,9.78378764104,4,4.67916560458,5,9.95618188476,8,0.792544099737,9,7.71895243978,10,6.91918550792,11,9.811638949,12,5.45803208395,
3,0.005,12,6.02931332039,
14,0.005,
3,0.005,
0,9.96663425256,1,9.85159930581,2,8.06652757975,3,9.23024772296,4,3.9217447323,5,4.77490586656,6,7.82593012908,7,8.55872948518,8,9.72428300002,9,9.61436908943,10,9.67434277722,11,8.3967873565,12,7.0676659179,13,9.34629573563,
0,0.871445101135,1,3.94015195401,2,9.33529260777,4,8.59254881755,5,9.61806176854,6,9.5658881708,7,7.35366703169,8,6.57678441729,9,7.66363306702,10,9.94270008345,11,9.62501938809,12,5.02848469173,13,9.54906866453,14,5.51421743937,
3,0.005,
7,0.005,
0,9.76245300394,1,5.5109495461,2,9.75232244919,3,9.9209947755,4,9.92453948212,5,6.77297230912,6,8.68976922084,7,8.44160430294,8,9.48199194796,9,7.9396388507,10,9.13518951822,11,8.0542230262,
10,0.005,
0,4.67091446848,1,4.28148446025,2,9.07080544942,3,9.57883027825,4,9.82772017823,5,8.74912735466,6,9.71765251344,7,9.99465921113,8,9.85335406233,9,7.41510638441,10,9.95168632077,11,8.7695345044,12,1.50033393999,13,9.3684942414,
0,8.09809422186,1,4.09814027365,2,0.890602026799,3,5.74070803895,4,3.13021524055,5,5.53163684459,6,9.5708454878,7,9.2799087054,8,2.82765754112,9,1.81812879855,10,9.51705237763,11,9.84710393614,12,9.43794642084,13,4.90782705256,14,9.17554081146,15,4.64161340637,
7,0.005,
0,1.91653927389,1,7.80342142059,2,9.30379329829,3,8.37804764301,5,9.53293178343,7,3.89926069444,8,0.005,9,9.3051918066,10,5.11165467393,11,6.09322027239,13,8.07474880434,15,3.72409610244,
0,7.5283798439,1,1.52333825792,2,3.90337421315,3,8.92399081048,4,0.226951136919,5,8.56290895742,6,7.68120010696,7,6.50294161249,8,2.00742788494,9,1.61782383906,10,7.7447284348,11,3.13595227285,12,4.72017145301,13,1.91543500385,14,2.43690396175,15,5.75156015816,
0,4.89898536544,1,9.83448672136,2,9.25731036345,3,9.62935162584,4,7.89825347423,5,9.44910483465,6,6.75389549664,7,8.32171182357,8,8.07313052498,9,7.81288522329,10,7.25130719327,11,4.96011439199,12,9.16757170787,13,9.2798209181,14,8.45449948667,
0,9.95704153514,1,9.96953246444,2,9.98646253517,3,9.98512292989,4,9.98942034451,5,0.611691108298,6,9.98734783161,7,9.95582901347,8,9.96662885055,9,9.97086563319,10,9.98001712015,11,9.90671441301,12,9.91200362845,13,9.98428341461,14,9.95195851536,15,9.93686607298,
11,0.005,
0,9.53881446921,3,8.33379453031,4,7.3677966904,9,9.08310721284,
0,4.83794784547,1,8.22202596917,2,7.34619855257,3,5.00906296962,4,8.81846691969,6,5.11692376045,7,5.89581436037,9,7.45929808084,11,7.91172202847,12,7.33917175933,
7,0.005,
11,0.005,
15,0.005,
0,1.0589821548,1,9.28408162801,2,9.26700835018,3,9.78121725472,4,9.7997244646,5,1.13440701205,6,8.39810230668,7,8.95049198289,8,9.78754566368,9,9.51289553741,10,3.11718925438,11,8.64628523841,
13,0.005,
11,0.005,
0,9.88689850702,2,5.38804389914,4,9.99328937848,6,8.50681806626,8,0.005,9,9.91131811602,10,8.58175115702,
0,1.44859952521,1,9.35527698639,2,3.20941115405,3,8.63904554384,4,9.18832088893,5,8.31368096712,6,9.56768984282,8,1.85591784872,9,3.34985525038,10,9.47909374356,11,4.04411238469,12,2.39772674584,13,3.26269953119,14,0.005,
0,1.91093905577,2,9.4256543208,3,6.90191146217,8,0.005,11,3.47494684895,14,3.82270477225,15,5.79193171274,
0,9.9786582235,1,4.88056278116,2,3.69481641282,3,9.64028522712,4,9.67866164114,5,9.56356786929,6,9.80680675062,7,9.74907516458,8,7.55874503866,9,9.67277648208,10,9.94330844312,11,9.24923329133,12,9.8762778303,13,9.94286323171,14,9.78884401436,
0,2.19400228569,1,9.39655269611,2,9.4900199167,3,8.50575890656,4,7.28947263931,5,9.18563415162,6,9.10839756836,7,9.19020702904,8,1.10840706931,9,8.57843685689,10,6.65695272589,11,9.99907954931,12,9.38036574825,13,7.26820967598,14,9.87975123032,
0,9.96939100271,1,5.23006758646,2,3.74711143293,3,4.44800456696,4,9.9711883554,5,0.920565466053,6,4.72015895692,7,9.48505697764,8,0.61930896314,9,6.86247048516,10,0.946621808941,11,2.99651744749,12,8.77336917017,13,9.98333948433,14,9.91686352146,15,9.962986182,
14,0.005,
0,9.98933745778,1,9.957189632,2,1.5249897456,3,9.98033388721,4,9.89153373538,5,9.85688288832,6,9.89416304099,7,9.80990120602,8,9.90535895678,9,4.08410313118,10,9.9582105343,11,9.98250662796,12,9.99760617951,13,7.61436901139,14,9.9817091667,15,9.99536499905,
0,9.85036479358,1,9.90933452097,2,9.90446214945,3,7.18815448289,4,9.62685084258,5,9.95099438446,6,9.1142945843,7,6.80093725726,8,3.69750579015,9,8.91926734928,10,9.68286709194,11,9.70456620387,12,8.88365278175,13,9.91558846729,14,9.93194495345,15,8.37753805045,
0,6.09351056647,1,9.59996753097,2,1.60103565464,3,9.22034244547,4,9.63383518025,5,8.61554714624,6,8.66735462977,7,8.70917140957,8,1.01998316648,9,9.14158933994,10,9.89542571853,11,9.90288988929,12,8.21209711383,13,9.37058046151,14,8.99480219432,
14,0.005,
0,4.74077374215,1,1.5304372576,2,9.37295903325,3,9.68613191914,4,9.65243191677,5,9.91181592337,6,9.36346943742,7,9.66865468901,8,9.69667201635,9,9.59534521328,10,7.47529297717,11,5.78486680527,12,9.7047443307,13,6.94001553431,
13,0.005,
14,0.005,
0,0.586030065771,1,9.13090063692,2,7.36933266372,3,5.06524672443,4,8.67552149559,5,4.19242497789,6,9.95589588189,8,9.4296703389,9,7.48202642189,10,1.25762273277,12,1.70611323105,13,2.90501470743,15,7.13200807654,
0,3.03699545506,1,4.54361884122,2,7.99511202068,3,1.12289432554,4,7.97485983775,5,7.42971643625,6,8.59168858229,7,8.91858734022,8,9.18659508116,9,8.55659507123,10,9.53735778835,11,4.4595861862,12,7.82131315992,
6,0.005,
13,0.005,
7,0.005,
0,9.3059049684,1,9.65719433721,2,2.06956085873,4,9.83168083479,5,8.49518627555,6,7.95543416663,8,7.71465298224,12,9.26533078681,14,9.9245761188,
0,9.73846502032,1,9.93573577718,2,2.49302123777,3,9.91696449901,4,9.94327892862,5,9.5573024798,6,9.70503580459,7,9.93809184052,8,9.94786684906,9,9.78193063562,10,9.98142315001,12,9.72573785845,13,9.8576125041,14,9.84271980841,15,7.75068053246,
0,9.88029622961,1,9.24860965097,2,7.85408345144,3,9.96190369115,4,8.60824116152,5,9.94344568122,6,1.492986949,7,9.26921032771,8,9.9141801114,9,9.51087954065,10,8.15645700426,11,9.45748942107,12,4.00242246653,13,9.96847178786,14,8.90946654426,15,9.5335826116,
0,3.60730875475,1,5.8636136585,2,9.73071723598,3,9.66760700224,4,9.23906313,6,0.927774603451,7,4.78868308601,8,9.95205897794,9,1.63645586416,10,9.71237837015,11,3.94160983955,12,9.84976101848,14,7.19359136463,15,9.90826118797,
0,0.348484014748,1,9.8577077236,2,8.81580402725,3,9.324157107,4,2.48318240693,5,8.72668815827,6,9.65395590606,7,6.18044138329,8,7.99521354723,9,9.10599448458,10,8.54169472678,11,8.43664066105,12,9.69496005807,13,9.7428649325,14,5.53334290639,
0,9.57317193273,1,9.93355133195,2,7.00551285951,3,9.99553655815,4,9.88900377713,5,9.8642012809,6,8.43736861832,7,9.80560346831,8,5.31105548701,9,9.56627783002,11,9.43370067445,12,0.838001500711,15,9.58873650744,
0,4.89340761308,1,1.98900330071,2,5.33644202486,3,7.95017417863,4,1.02424134011,5,0.706565534514,6,9.30339969247,7,5.24695603139,8,7.65734953698,9,8.67439237615,10,7.80108380529,11,5.88938144873,12,9.14699698711,13,7.41391639445,
6,0.005,
14,0.005,
0,9.80567112355,11,0.005,
14,0.005,
5,0.005,
0,9.8774799939,1,0.374727358698,2,9.65686267661,3,9.44187664035,4,8.18411360372,5,9.95302045191,6,9.93075837037,7,9.67042182387,8,9.87499808049,9,9.53530304451,10,9.7996065159,11,5.58028098247,12,9.59436105392,13,9.89904878686,14,9.6732503768,15,7.09332124057,
0,9.8914703241,1,2.81849455623,2,9.91774968952,3,9.87612447442,4,9.9056192958,5,6.77219912687,6,9.55282384081,7,9.89737518652,8,9.83513054824,9,3.29952473362,10,6.14728199986,12,9.5509070027,13,7.58036414764,14,9.2876053076,
0,0.202725579726,1,0.0856410173293,2,8.95936142435,3,9.31650434045,4,8.57246836411,5,9.92247582181,6,7.06987773578,8,1.26717507631,9,7.9019993448,10,8.85155817213,11,4.78832548844,12,1.40768084807,13,9.91883904488,14,4.12315472661,15,1.14518716015,
3,0.005,
0,0.710564837465,1,9.50585819616,2,3.12946500382,3,8.79001034815,4,0.962907070564,5,7.90051787994,6,9.43599141626,7,6.96150637693,8,9.52205291377,9,4.16177047059,10,4.75017254785,11,9.02412205761,12,9.47831421006,14,4.02066053292,
0,9.99850870131,1,9.98532629534,2,0.887116780047,3,9.82963166573,4,9.72115331467,5,9.86225097637,6,9.72065299875,7,9.68019357853,8,9.91775850416,9,9.80154951975,10,9.71462441896,11,9.7023690587,12,9.91025579617,13,9.77256890613,14,9.91593561634,15,9.53110297364,
0,8.00854773834,1,4.57873148475,4,7.43667612102,5,0.005,6,4.70153269967,10,9.12422928305,12,9.08739857833,
0,3.01279606058,1,9.12099463468,2,9.21174190853,3,8.72867371004,4,4.79503064553,5,9.68845367797,6,9.9971322062,7,4.02631888385,8,9.62782786437,9,9.80527038397,10,9.57448410057,11,4.9033096702,12,8.37724572645,13,6.51528511878,14,9.23063851114,
0,9.89778738631,1,9.77265565522,2,8.25552289737,3,9.76443511147,4,1.34663966873,5,9.91962154269,6,9.76841960028,7,9.95439050027,8,9.954845511,9,9.88935436987,10,9.72573392842,11,9.71368644824,12,9.68853520027,13,9.53659492499,14,8.40086617969,15,7.35707508584,
14,0.005,
0,0.876337611779,1,0.837010977145,2,3.03160816721,3,9.96114179374,4,9.98028312851,5,9.97835888365,6,6.84344499978,8,9.85850091287,9,9.79218161452,10,9.43927406429,11,1.32847792014,12,9.11809612088,13,9.75488334067,14,9.64353670241,
0,9.55553579414,2,9.05335321003,3,9.81151578305,4,9.01638012495,5,7.45971781629,6,1.30727129124,8,8.79030327428,9,8.34160794407,11,8.69058632826,13,9.22265139406,
0,2.20559559088,1,2.62998935057,2,2.85842249744,4,2.49730822657,5,2.07187889575,6,3.14392639266,7,5.2937830078,8,3.70296465221,9,1.051241669,10,3.43568145739,12,6.17044829264,13,1.05202504597,14,5.45987099467,
0,0.732106356625,1,8.01735576643,2,9.14631342002,3,9.21206989457,4,9.37029483731,5,9.5523415244,6,3.87573086388,8,5.70052780246,9,9.926724897,10,7.28184414778,11,8.37534665318,12,9.10740177193,13,9.94787989453,14,8.4785825631,
0,9.93554648743,1,0.777270863354,2,9.98797559866,3,9.95428360376,4,9.88558906867,5,2.30702118977,6,3.37024516163,7,9.79049695258,8,1.73889735914,9,2.97901957811,10,5.63953636962,11,9.71582785048,12,9.86115946478,13,9.85668338819,14,1.47392298352,15,9.56149251728,
11,0.005,
0,0.595056607579,1,9.43269792301,2,9.99729561525,3,7.20085427012,4,9.14589552769,5,8.77821821817,6,7.54829405858,7,9.74978684774,8,9.63780365451,9,5.15032063966,10,9.79723717877,11,9.80652320706,12,8.88552299242,13,1.50948582754,14,9.88062163363,15,4.80747159683,
0,9.91405836609,1,9.16218048503,2,2.96575020478,3,9.11919801011,4,4.40017994562,6,9.77197068402,7,5.77027272993,8,9.42022630056,9,9.25603320564,10,8.78541630427,12,9.54780544398,14,9.97390095664,15,9.68480954419,
0,5.41152625575,1,9.53169353442,2,8.86591970615,3,8.9183482461,4,0.716857403034,5,8.30394344331,7,6.0393359644,8,5.97288455726,10,9.50094947545,11,6.83669761446,12,3.4679905217,
4,9.27193558392,10,0.005,
13,0.005,
0,7.43039840153,1,8.12071878035,2,2.96363773327,3,9.52817174352,4,9.88100196419,5,8.86472475439,6,8.41777278559,7,9.09833065402,8,8.93958110798,9,0.005,10,9.51032815155,12,9.46257338343,13,9.93567807512,
0,9.85570646907,4,6.87713912918,5,9.66147969182,6,9.22220137556,8,0.005,
0,2.11187458065,1,3.28745064082,2,4.50919638044,3,7.98969251318,4,4.0192509072,5,7.89516918856,6,8.85833348196,8,9.09426063357,10,9.70488905263,11,5.86781536077,12,5.0881222072,
0,5.71843426446,1,4.60703095682,2,0.699643922594,5,5.43305004296,8,9.94989353811,9,5.40733728235,10,8.42396767406,12,5.90573438347,13,8.68975973098,14,8.97351777178,
0,1.48037557048,1,9.97760577787,2,7.17653440012,3,8.8094390583,4,9.44793111022,5,5.79091875716,6,8.64604626795,8,3.67718811616,9,8.31258436594,10,6.02973857923,11,3.81585068786,12,5.72370814021,13,8.26702783103,
13,0.005,
0,5.59768296348,1,9.97203474532,8,8.97597591297,9,9.25758634803,10,9.00796608884,12,8.09470686841,14,8.40975337059,
0,3.5938373705,1,6.20859899765,2,9.6906535467,3,9.9441743039,4,8.1380182181,5,3.83005530001,6,8.92057000705,7,9.34772307449,8,9.64123875604,9,3.83212381305,10,4.4111059389,11,8.10913827006,12,7.33979498164,14,7.42684364001,
0,4.53251981543,1,5.15781810712,2,7.44729810253,3,7.68430406413,5,8.50847204086,6,6.60888379925,7,4.92834080651,8,9.88727489717,9,5.64726912182,10,9.01799511318,13,8.97833410853,
0,6.95259054463,2,9.94562111435,3,7.96151701612,4,7.08182564026,8,9.01456256032,
0,8.72899395296,1,9.04866286523,2,5.19187293296,3,9.55934282633,4,9.52599396355,5,7.82667514356,6,9.56854050361,8,9.15228302482,9,8.82205720288,10,9.66084379917,12,9.60503696156,13,9.12452069333,14,7.32332915501,
13,0.005,
3,0.005,
0,6.4829773843,1,8.74645668516,2,9.57271527838,3,0.005,4,7.67388276463,6,9.30477014387,8,8.39986922952,10,9.59871114667,11,9.37470738159,
14,0.005,
0,3.40722961712,1,8.89768435579,2,9.8884928173,3,8.79922168897,4,9.58564463492,5,9.93556921384,6,9.73999968172,8,9.82015338128,9,9.56947260365,10,7.27377948132,11,9.40005441865,12,8.55733300058,13,7.80495608505,14,9.05294533185,
0,5.99097214047,1,2.516787157,2,8.04212535178,4,7.41303183809,5,7.88319200899,6,9.4575761452,7,0.005,8,2.16196077814,9,7.91312413349,10,8.22459012929,11,9.08305925806,13,7.7323317583,
0,9.98957329819,1,5.54708732075,3,8.69829176349,4,9.97891674727,6,7.09961976204,8,9.80012833667,9,8.53246621167,10,6.29535763193,11,6.60318242277,12,9.96408901236,
1,6.38210121425,2,9.32156558436,4,9.38727175558,5,7.94413519755,9,9.87519992883,11,7.28206795157,13,9.78977910609,
13,0.005,
0,1.88092494937,1,9.76437229466,2,5.63601838877,3,5.53874309774,4,4.42774073722,5,9.98216755867,6,7.80419318655,7,9.31061521601,8,9.6110975372,9,8.05207516692,10,5.93539321183,11,9.80943745661,12,4.35524237067,13,9.99407673913,14,9.99681120661,
0,9.85155644309,1,0.696029048019,2,8.4923956901,3,9.74182399555,4,2.14720492411,5,9.24908014898,6,7.01383467843,7,9.81119409051,8,3.62379853323,9,9.97462685511,10,5.94163534129,11,9.94505060129,12,3.38695928215,13,2.59524027035,14,2.12406463963,15,4.71507458896,
0,9.82446919462,1,9.84860991978,2,8.987860914,4,6.82018666684,
0,8.04297799859,3,9.71770260185,6,8.31422830596,8,9.95715134435,10,0.005,13,9.43961154414,
15,0.005,
0,9.9251883661,1,9.94798667202,2,9.90142315013,3,9.91603870942,4,2.68384800706,5,9.89992672378,6,9.98895402187,7,9.98582213144,8,9.98581658402,9,9.86807144888,10,9.94649269339,11,9.89240055728,12,9.87809798004,13,3.06103003712,14,9.74747523751,15,7.59520649968,
0,9.87134245688,1,0.555324754618,2,3.27058576765,3,1.18515166046,4,8.72062541789,5,6.76810328395,6,1.62838940456,7,4.31778503183,8,1.74592060813,9,1.56061114467,10,1.34635797834,11,7.30421500429,12,0.614401867725,13,9.99629418743,14,1.33058413386,15,9.47189378676,
10,0.005,
0,9.5553297985,1,9.95378824115,2,4.12866612696,3,9.00959487711,4,0.571893835911,5,3.66562101897,6,9.44937551267,7,9.70926738556,8,3.88447853679,9,1.92395119301,10,9.96346238539,11,9.85564773172,12,9.98305192467,13,9.26047942368,14,9.71872590752,15,7.97063703433,
11,0.005,
0,9.80241067475,1,4.93184546916,2,3.39504324401,3,5.15583365652,4,9.69751078123,5,3.12401378108,6,9.76603963063,7,9.92138290181,8,8.09604847587,9,9.50128627297,10,9.10126068492,11,3.09110211263,12,9.69904661673,13,5.74601421901,14,5.50060816452,
0,4.63591084095,1,9.751035214,2,9.63443977713,3,9.8355640086,4,0.209022309193,5,9.65839998331,6,9.94506335131,7,9.30978986233,8,9.6985309236,9,9.18551012042,10,9.87814948033,11,3.27672506923,12,9.36690677273,13,2.66900423194,14,8.98754612055,
1,0.005,14,6.53707790746,
14,0.005,
0,7.38247928753,1,9.72494818715,6,3.28423188025,7,7.60497281508,8,8.05617526448,9,8.85398470431,
0,7.07469413985,1,8.94945899938,2,9.7039034283,3,9.37254358898,4,1.40675681493,5,9.45743509329,6,7.94724628834,7,9.43493210701,8,9.75807333844,9,7.57318036219,10,5.51743144018,11,9.66733597868,12,4.596448174,
0,0.158166645784,1,9.91503842073,2,9.98636048777,3,9.77267937997,4,9.9876885687,5,0.824646649117,6,9.44115694488,7,9.91954337816,8,9.96653749945,9,9.79152569681,10,4.65262503218,11,3.55224844614,12,0.202925285191,13,0.931803489086,14,9.9802750181,
13,0.005,
0,0.064024916793,1,9.62377166453,2,9.90349102336,3,9.64853705646,4,7.69813796037,5,0.531492405076,6,9.28803381555,7,9.76836127604,8,8.27411772349,9,9.73752058656,10,8.00550422807,11,4.03084540226,12,7.21018566712,13,6.04695245847,14,8.35837746502,
0,8.22462196295,1,0.130907031438,2,3.07701981547,3,9.93832897796,4,6.03074735339,5,9.65974949973,6,9.97943282144,7,7.86145767331,8,9.76603070448,9,9.12295107783,10,3.29626943688,11,5.23911602713,12,9.95764134261,13,9.68365678322,14,9.96500707077,15,4.71000670534,
0,9.98026865344,1,9.6221998682,2,9.85501465163,3,9.78291327807,4,9.8991217247,5,9.75560505215,6,9.93270535632,7,3.91330887432,8,1.7703244627,9,9.98812757907,10,9.94687239502,11,9.47330306578,12,9.84254803994,13,9.77257123577,14,8.98006038279,15,9.53697720034,
0,9.92754859666,1,9.92920427272,2,9.93434656044,3,9.63078106761,4,2.61027474342,5,9.95839800047,6,9.84474482336,7,9.74327797739,8,9.89239207619,9,9.7169805555,10,9.63753866098,11,9.85853133621,12,9.76911649253,13,9.53071461278,14,9.82271369227,15,9.78441939987,
0,7.26438670893,1,1.1434256882,2,3.02114860175,3,3.02989263092,4,2.74646252687,5,3.48830429965,6,9.97667714038,7,8.41453809343,8,5.57428060119,9,6.48127916073,10,3.62381966933,11,2.36046908901,13,7.87879908816,14,6.91121372296,
7,0.005,
0,4.37619709207,1,1.23720373293,2,5.67520288287,3,4.50368716937,4,9.72410916748,5,8.76161901526,6,2.78181355948,7,8.74882954181,8,8.672746778,9,7.64868354027,10,9.19064117576,11,8.43984112356,12,8.56730970748,13,6.68888258974,14,9.39776243794,
14,0.005,
0,9.86307738637,1,9.38402768609,2,5.53342974446,3,9.98772738839,4,9.88411316384,5,1.05680253007,6,1.59378969612,7,0.557049025383,8,9.94837037824,9,8.4753252437,10,8.94165820919,11,9.85354309446,12,7.93572827562,13,7.3710234516,15,8.96227601592,
0,9.95519607377,1,9.9797579131,2,3.17040894398,3,9.95379232546,4,9.97797820754,5,6.40909180927,6,9.99620057297,7,9.89533102946,8,9.95048269712,9,9.92976488695,10,9.96029692326,11,9.81710629581,12,9.81749053577,13,9.88396632906,14,9.89301764817,15,9.97936986319,
3,0.005,
3,0.005,
14,0.005,
7,0.005,
15,0.005,
7,0.005,
14,0.005,
0,9.94212839445,1,9.65382787479,2,9.98392407154,3,1.45562054637,4,9.69886765289,6,8.62557654371,8,4.97687393216,9,9.8655815286,12,9.83063755373,13,9.32995340712,
15,0.005,
13,0.005,
14,0.005,
7,0.005,
0,9.88336056403,1,6.34983481742,2,0.172323252217,3,9.77106598236,4,8.12471266249,5,9.96725173292,6,1.20619399314,7,9.34916137779,8,0.449665897494,9,9.99052637334,10,9.65251419766,11,9.95968494738,12,9.9993780466,13,9.95511433874,14,5.51074322364,15,6.23972047653,
0,5.35556496734,1,7.29792883606,6,9.94316906247,8,9.3214581414,10,8.38384443139,11,9.89177377371,12,6.39452854281,13,6.19536549694,14,8.00017470926,
15,0.005,
0,3.662595325,1,9.54893231125,2,9.65319275318,3,3.6714757684,4,9.57081008215,5,5.54274051028,6,5.4857729779,7,9.87556459503,8,9.8709520522,9,4.31127101898,10,3.99991653716,11,7.89424933335,12,9.97320123557,13,9.91766354431,14,5.65923194219,
7,0.005,
0,7.39398663058,2,8.42930670728,3,9.60513685326,4,8.60768777647,5,9.15318611019,7,3.29888964798,8,8.46658556438,9,4.72344026162,12,8.31678478887,14,5.07537598841,
2,8.12737931867,4,5.79919152103,9,8.20413884111,12,0.005,
0,9.90619024299,4,6.97074839537,7,9.91066318817,11,0.005,
0,1.11220510079,1,9.71280889089,2,9.9137829238,3,8.91576111209,4,9.69866402534,5,9.89027927272,6,6.71038007206,7,7.38881480745,8,9.07003163071,9,7.28061002483,10,2.83432552565,11,9.71991289639,12,6.8409807157,13,9.99355613711,14,8.91680263312,
10,0.005,
14,0.005,
2,6.12475571867,12,7.03854790942,
7,0.005,
7,0.005,
0,9.87248743252,1,0.040851177323,2,9.89064634064,3,8.303978235,4,9.95933027424,5,8.76524860015,6,9.93944272807,7,9.83659630441,8,9.98745981435,9,9.97139098085,10,9.63749009378,11,9.83832488647,12,9.91798644077,13,9.99609472372,14,9.83982816137,15,9.99470981391,
12,0.005,
0,9.98934873784,1,9.81849980608,2,0.68791726288,3,4.21497163865,4,9.77397705771,5,9.80368018695,6,8.04682355154,7,2.96798229934,8,0.892140455113,9,9.42654844405,10,2.30786396644,11,6.39642699788,12,2.40852520303,13,9.6571664389,14,9.68107894028,15,2.42203557857,
0,2.30773685569,1,8.33431391784,2,8.58120625842,3,5.31174040862,4,2.65420503832,5,7.11113704988,6,8.57439198606,8,9.00605068811,9,5.87639162972,10,8.23762740232,12,9.89289621732,13,7.77172783749,15,8.65752008503,
0,8.49870192295,1,9.74547838179,2,8.98517429179,5,8.12503788322,6,0.005,8,6.34469791051,9,9.93681403167,10,8.73882138257,
14,0.005,
7,0.005,
0,9.98606336974,1,0.781473777236,2,9.99380033723,3,9.98337882779,4,9.99542813293,5,9.99469710656,6,9.96319016014,7,9.98727195036,8,9.99053953532,9,9.99262230828,10,9.99767573625,11,9.89428331601,12,9.96068889423,13,9.97524282698,14,9.95994511678,15,9.88848949799,
0,2.71099913655,1,3.17158029488,2,5.58136232475,4,7.68861597942,5,3.31824096432,6,7.37823101414,7,0.005,9,3.43295261722,10,7.87267761928,
0,0.161709686013,1,8.72227985067,2,7.0952718084,3,7.94750493322,4,4.75372031108,6,5.95328047048,7,2.88833137312,8,4.73454551816,10,9.85284183186,11,6.62608916697,12,9.68540366444,13,5.52799218768,15,4.26155805921,
0,9.99733454258,1,9.9131520839,2,0.85739468354,3,8.44591784838,4,6.21272134328,5,7.35440469021,6,9.21164494762,7,8.88532600742,8,9.72784240357,9,9.84208828867,10,0.005,11,8.17027646474,12,6.95568299654,14,9.19371263647,
0,8.74506644118,1,6.36798578637,2,0.005,5,8.78180187615,12,9.1419786863,
12,0.005,
13,0.005,
0,9.99847565944,1,9.93055112978,2,9.88479632282,3,9.9137905408,4,9.95924373408,5,9.97369912397,6,1.23826467859,7,9.88768188253,8,1.2071623221,9,9.95591584546,10,9.9944284353,11,9.94785424358,12,9.61287278851,13,9.96954781677,14,9.47605173597,15,9.57963016373,
7,0.005,
11,0.005,
1,8.70786425933,3,6.85296576486,4,9.76137918141,8,9.28190642691,12,8.97626799103,
0,9.82156773602,1,1.4899608545,2,3.0493634412,3,5.21923580061,4,2.12802100002,5,8.47950157716,6,9.59334093274,8,1.19370086902,9,8.93459995209,10,6.67087711707,11,6.92614002668,12,9.26359950143,13,8.00739573306,14,3.85775050178,15,7.56603685097,
0,1.49401793186,1,9.75835808988,2,6.85668188728,3,9.07210075392,4,9.38574443291,5,9.88366670137,6,9.29171358181,7,5.47819363961,8,9.79753867397,9,9.36870351258,10,3.53260120623,12,7.39891446181,13,9.13678782165,14,5.86062521233,
15,0.005,
14,0.005,
14,0.005,
