0,0
1,1
2,2
3,3
4,4
5,5
6,6
7,7
8,8
9,9
10,10
11,11
12,12
13,13
14,14
15,15

0,2.00491870229,1,5.1702231544,2,4.96230686738,3,1.50696869822,4,2.22696694531,5,5.48060709434,6,3.46287843644,7,1.17920446506,8,9.0590572839,9,0.829873833942,10,1.08383161697,11,7.18067313188,12,4.80217777303,13,9.49933198572,14,9.38551183432,
10,0.005,
0,5.58664574672,1,6.38592546278,3,5.60215849626,4,7.30923737992,6,7.2920747628,7,7.27800342775,8,7.62312819467,9,7.85032521167,10,0.005,
0,9.4934156471,1,6.60504018287,2,9.41664202744,4,9.43906399639,5,8.53486380557,6,9.55632967531,8,9.44137885235,9,9.89350454876,10,8.4858528197,
0,9.97294209695,1,2.29495785134,2,9.91804408102,3,9.34208043026,4,0.720304930338,5,4.65904891663,6,3.48410334295,7,1.77239207342,8,5.7193283528,9,5.7577050675,10,2.96068982941,11,9.23712807527,12,9.41656888299,13,9.23204413664,14,8.66507968044,15,3.39959996194,
0,9.98511170843,1,9.9664793111,2,9.98688512549,3,9.9873455025,4,2.76771202286,5,9.99402679533,6,9.98210508654,7,9.93912182037,8,9.99335458094,9,9.96174269118,10,5.9166279465,11,9.98701812378,12,9.99903603164,13,9.99922351735,14,9.91145066693,15,9.30823413693,
12,0.005,
15,0.005,
0,9.09388949587,1,8.64873541194,2,9.4995495135,3,9.16632746766,4,7.03701733958,5,9.85240501235,6,8.75952984673,7,9.22341912402,8,5.63061917852,9,9.45956756319,10,9.48748956207,11,7.10346428041,12,4.02783814454,14,9.88987873415,15,9.24153058043,
1,9.43268111515,4,8.93178942405,8,0.005,11,8.55693278349,
4,8.72120707924,9,0.005,
11,0.005,
11,0.005,
0,9.99948743683,1,3.46478333632,2,9.77111714906,3,9.6170570483,4,9.72798644572,5,5.92257167688,6,9.88027871584,7,9.9942229217,8,9.969498804,9,9.52575855452,10,4.47803936298,11,7.96506622878,12,9.93008796143,13,9.97682882979,14,9.09294209736,15,9.21400072902,
7,0.005,
0,9.92606675401,1,9.84773061525,2,9.89948295666,3,9.96189067217,4,9.95586135606,5,9.9072094882,6,9.99557212674,7,9.99696389572,8,2.64361760674,9,5.17809712751,10,9.86534062834,11,9.17074295249,12,9.94862120249,13,9.95586747022,14,9.77455139856,15,6.21128284066,
7,0.005,
0,2.96931928164,1,6.95544552385,2,9.58116536225,3,3.12755784951,4,9.73744881609,5,0.005,6,7.19187288162,10,5.16859260662,12,3.0465999562,15,9.68966018862,
0,4.72725157271,1,9.85179889836,2,9.61366315107,5,9.11774288024,9,6.14951641153,12,9.6293018141,
8,0.135178512912,10,0.005,
14,0.005,
0,9.92844829782,1,5.59436115004,2,1.04098536295,3,7.15751621789,4,6.87734557394,5,9.23811922311,6,9.47203152761,7,6.51141032905,8,0.812152131319,9,6.96862478538,10,2.75876585919,11,6.60112878644,13,4.40464041852,14,7.5887093082,
0,9.60271060366,1,9.59070004141,2,2.1634151485,3,9.84467747871,4,9.90598294852,7,9.07541984639,8,9.86877880353,9,9.66236654191,10,8.34250647686,11,9.89541456048,12,0.005,13,6.9708859807,14,4.67185658637,
10,0.005,
0,0.309341784222,1,1.33861203584,2,1.84156786419,3,9.60059792997,4,3.7650383053,6,0.754723626073,7,8.29254415173,8,8.45638572797,9,8.86626432623,11,3.15139199992,12,9.21006726099,13,6.91621108467,15,4.40323214445,
13,0.005,
0,9.47943529444,1,6.68244353971,2,9.7953660187,3,8.17728544192,4,6.92228452463,5,3.68094578035,6,9.23008402083,7,7.14783317637,8,3.59630048993,9,9.36875421205,10,9.69102399767,11,7.60706034558,12,9.10286285598,13,9.98859712848,15,7.16491069147,
2,8.25277618001,4,9.07992894101,13,0.005,
13,0.005,
11,0.005,
14,0.005,
0,0.588671582765,1,9.79314518651,2,3.86659812991,3,4.49750325719,4,9.8443072203,5,9.26403383889,6,8.41108285471,7,3.9286981291,8,9.84806892255,9,7.97513765126,10,9.87641352753,11,6.69041059077,12,9.50744400777,13,8.37265724738,14,8.499770872,
6,9.54290746106,8,8.63618406704,9,0.005,
0,9.90654230608,1,0.701257922728,2,0.49091739542,3,9.98009447467,4,4.61574466461,5,9.89792785012,6,0.30237888306,7,2.01409948062,8,8.68815661854,9,9.66859925725,10,4.05370225069,11,4.22245794774,12,9.75316985541,13,9.0478340458,14,9.89742488345,15,2.39548363247,
0,4.12439381139,1,9.78982055823,2,9.94012240323,3,6.42720421687,4,2.96926927598,5,8.45010627294,6,7.93040256917,7,9.99036630145,8,9.70547316594,9,9.19744857989,10,8.98737057421,11,7.00162505388,12,4.46461830319,13,5.01468223674,14,5.80816902102,
13,0.005,
11,0.005,
7,0.005,
0,8.52893620479,3,9.71308313061,4,9.14780693367,5,9.92418678956,12,9.20143085428,
0,9.05494536735,11,0.005,
7,0.005,
14,0.005,
0,9.6018589588,1,9.72308490613,2,9.92631179466,3,9.93653739274,4,9.88765388686,5,1.2835315139,6,9.96406041702,7,6.44305999211,8,9.71272297774,9,9.81384797425,10,8.45772810401,11,9.99683789685,12,9.31198280806,13,9.49678333297,14,8.51323428115,
0,5.01700572506,1,8.94965065065,2,8.93302347048,3,8.56133524479,4,5.58518568417,5,9.34089300802,6,4.05598472384,8,8.10422490087,9,5.45917649608,10,7.02623922671,12,6.62495222143,
0,9.22518588208,1,5.86012138854,2,8.87017207336,3,8.50129718728,4,9.16430872461,5,8.33748107832,6,9.50581748071,8,8.83040588802,10,8.4973105029,11,9.35707480566,13,9.71339787476,15,9.7137459378,
0,9.91878248037,1,2.01623567201,2,9.92449468021,3,9.99289336101,4,6.03391289116,5,3.47086722721,6,9.97932648853,7,9.84375118781,8,9.85742700298,9,9.95405328249,10,9.92790195809,11,9.89610360658,12,9.985554123,13,9.83533122468,14,9.65079277815,15,5.99965168228,
7,0.005,
0,5.9858740922,1,9.9833708333,2,9.97887770236,3,3.55725246128,4,8.88298472101,5,4.59809677965,6,5.2987922076,7,9.0235714296,8,9.77093421238,9,9.55633925633,10,9.93597439554,11,5.69045005502,12,9.26291607438,13,9.14605408607,14,9.46160348994,15,6.63694874671,
0,4.51825549013,1,8.04912495123,2,7.96490628985,3,5.48303572602,4,9.60165858397,5,9.76959513141,6,8.85828629194,8,9.69750039308,9,4.62543069918,12,7.32794319798,13,6.10427778708,
5,0.005,
0,9.49020463991,1,9.71196334495,2,9.87425670773,3,7.24245945947,4,4.14202560329,5,9.7532397978,6,9.09126956848,7,9.10693980739,8,9.91284449283,9,9.98642274687,10,5.94025179609,11,9.05238022031,12,9.79727066265,13,9.24582665728,14,8.75091935393,15,7.40475001381,
7,0.005,
0,9.22659581734,5,9.70225214615,7,0.005,
10,0.005,
0,9.88108174633,1,9.92315002828,2,1.52972022898,3,9.96489081227,4,9.95764218274,5,4.79976047153,6,9.92909846783,7,9.58823398244,8,9.84946106965,9,9.88188035353,10,9.87090367459,11,9.78683239795,12,9.82008225525,13,9.18584769255,14,9.68159304508,15,9.71682429887,
12,0.005,
6,0.005,8,9.0900821759,12,9.56619701082,
0,5.37341511769,2,8.13605032185,5,9.75762376562,7,0.005,9,8.42810945952,
1,9.79714902091,4,0.005,5,9.96921654339,7,8.80505604275,8,7.2668302919,10,7.75692361163,11,6.971769969,
11,0.005,
7,0.005,
15,0.005,
0,3.13080416095,1,1.23598340789,2,0.878441640564,3,9.48280433592,4,9.21508140498,5,7.61440109154,6,9.20784291642,7,4.8953515545,8,9.4985294303,9,9.03878952931,10,7.98400037542,11,9.82036471014,12,3.27061808818,13,8.65832165392,
11,0.005,
13,0.005,
0,5.82818495939,1,7.26107682642,2,8.05475816241,4,7.31467164231,5,7.35075024695,9,8.816315493,10,8.68394348914,11,8.6868865993,12,8.18682194255,15,7.99751899201,
7,0.005,
14,0.005,
14,0.005,
0,9.75650683915,1,9.37709918624,2,3.87370369142,3,9.97691401364,4,9.9914445105,5,8.98552241408,6,9.90703297116,8,9.77613412109,9,8.3815053418,10,7.18402786706,11,7.37367462386,13,6.76071111614,
1,3.58873393216,2,6.9840668229,6,0.005,11,8.69216378857,13,8.94862051347,
6,0.005,
11,0.005,
0,0.329401104949,1,9.96757901417,2,9.99150542638,3,9.50516025658,4,9.86755103127,5,9.15560652331,6,9.40706831186,7,9.39813744968,8,9.64659125397,9,3.92956521268,10,9.69013063152,11,9.97474806792,12,9.62601914513,13,7.94150220064,15,0.919015744517,
4,8.19230749011,10,0.005,11,8.78992794337,
0,9.55537921862,1,9.9938391215,2,9.68210027943,3,9.93954371734,4,9.11682049994,5,9.98841395552,6,9.93984099923,7,9.9673098548,8,0.892119466302,9,9.86204772181,10,9.8299739269,11,9.59089557143,12,9.81549724186,13,9.9784111866,14,8.99808792937,15,8.35264216588,
0,4.09983468904,1,8.80556457425,2,9.42987144634,3,9.32331644397,4,5.37550498134,5,7.22500957848,6,6.96315628521,7,7.74595229764,8,9.95678125685,10,9.01067093838,12,9.02979930221,13,9.40621291966,14,9.8358171209,
0,9.7514219171,1,2.57658463705,2,9.95247067077,3,6.25615192255,4,6.12221315794,5,9.81909949046,6,9.81163037927,7,0.236471309615,8,4.52867469265,9,1.11357312683,10,4.86090938674,11,4.04767825389,12,8.50934554432,13,7.44889711242,14,9.89442556236,15,9.93204338398,
2,2.77974728062,5,0.005,
0,6.50925840125,1,9.51646650034,2,4.04130290414,3,8.10531644784,4,9.75660634712,5,9.90762940318,6,9.90673524735,7,9.56230895724,8,9.38849469536,9,8.86079977588,10,4.96344220535,12,9.55764014665,13,9.67640570547,
15,0.005,
7,0.005,
0,8.34803149798,1,7.85135619111,4,5.97975710733,6,8.37885271911,7,8.61212408493,9,8.60207265541,14,8.10096536724,
3,0.005,
15,0.005,
0,2.875146765,1,9.91202350162,2,9.93429034119,3,3.50693833588,4,9.97651945633,5,8.91553368568,8,9.69927629594,9,9.17462368585,10,3.88031159071,11,6.62578477269,12,9.2580097595,13,5.45854691026,14,9.6328978283,
0,5.58995146557,1,5.55051504164,2,6.24817836896,3,9.96282904296,4,9.98870713883,5,9.91942809965,6,2.71859922502,7,9.73231562351,8,1.32365756799,9,9.22675463304,10,9.00751571908,11,9.9062652139,12,9.87657789233,13,9.98234720347,14,9.85313757946,15,9.65941241563,
0,9.37773568899,1,9.78903036164,2,9.2746405212,6,9.47725974615,8,9.49909776701,9,0.005,11,9.92847836179,12,9.98416591244,
14,0.005,
2,8.88239115376,3,0.005,4,8.59500122603,8,7.35606313183,12,4.74623178866,
0,7.5013287208,5,9.32035687581,9,8.98734641876,10,8.22062564737,13,9.32099964202,
0,6.55851151287,13,0.005,15,9.35726071516,
0,6.74247721983,1,9.48083837327,3,4.83603417617,4,8.0753240937,8,0.005,
0,3.99300824435,1,9.97422567336,2,9.97921249467,3,9.50273124863,4,9.8891148875,5,1.88147830649,6,9.27220281817,7,7.37656442467,8,1.2956125713,9,9.91482289378,10,8.78249715687,11,7.4889639617,12,7.02494880362,13,7.12020671137,14,9.57524937543,
0,9.67140230448,1,6.72896520154,2,9.9893363762,4,4.72170845843,5,9.94082582678,6,9.3311266632,8,9.17730402889,9,9.98393026943,10,9.88387349811,11,9.39322946558,12,7.06369046649,14,9.5712078184,15,8.89736207781,
11,0.005,
5,0.005,
6,0.005,
0,9.9919569674,1,9.95778442668,2,0.992281557508,3,9.94526447885,4,9.99916230086,5,9.96406445567,6,9.95727784499,7,5.7231922414,8,9.91186228619,9,9.77967613945,10,9.86727905248,11,9.92969327218,12,9.92460990197,13,2.82913534604,14,9.67925325357,15,9.49049460412,
0,0.743972051406,1,1.38603461933,2,9.89153287321,3,8.23944225149,4,0.731165387089,5,9.28027377346,6,9.04682621158,7,0.381439468331,8,8.96239461418,9,8.8190566756,10,5.58641585378,11,9.01615955407,12,1.94708171907,13,8.50257227986,14,7.76331677854,
0,0.231095471989,1,9.97560870103,2,7.28121713105,3,9.10345978745,4,9.72942576784,5,3.90627300675,6,9.82073751093,7,8.53704458596,8,9.70319210103,9,9.78259215324,10,9.09363689181,11,7.23165011825,12,9.37208676601,13,9.27261277843,14,9.98543401161,
0,9.1266784665,1,9.28396323731,2,4.18941639703,3,9.97831432555,4,8.239423753,5,9.0631979378,6,9.88341482351,7,9.76555337293,8,9.97348208341,9,9.23729156979,10,1.4344850512,11,8.77605964011,12,2.16177494941,13,9.58484209851,14,9.79821060936,15,8.83795954581,
0,6.51000815176,1,9.98313758835,2,9.9722743804,3,9.63935587016,4,9.95745862475,5,9.97888243525,6,9.99444338498,7,9.63932134202,8,9.9812630652,9,9.86379922356,10,0.839716971436,11,9.97304023722,12,9.99994283961,13,9.97483993992,14,9.86971822127,15,6.73925126082,
0,9.97635724648,1,9.56441281087,2,8.30130152786,4,9.94162316221,8,4.34476404704,10,9.6526919825,
14,0.005,
0,1.08426819046,1,9.62038145587,2,8.38200149654,3,5.22535294425,4,0.792777369513,5,9.14322743899,6,9.79542844,7,8.99603717083,8,4.80031958466,9,9.11946556569,10,9.94507591227,11,9.88701868948,12,6.98688083884,13,8.76142770915,14,7.87864000868,15,2.42339221222,
15,0.005,
15,0.005,
0,4.55468167616,1,2.34967956019,2,7.04883161671,3,5.13271433855,4,7.10389077136,5,3.31966510913,6,0.258507867003,7,8.78560727168,8,0.005,9,7.63749565215,10,4.76689479036,12,9.00993918661,15,5.32014752857,
15,0.005,
0,0.752846335028,1,3.68494355542,2,4.71979044981,3,8.89791508097,4,8.68790534965,5,5.25732963962,6,9.20312574699,8,9.34871037943,9,8.20300838648,10,4.47592195377,11,9.98186860971,12,9.73933329156,13,8.20638739485,14,8.37113840079,15,2.67079880726,
0,2.98187295798,1,6.39607468466,2,3.50399206352,4,7.64864073778,5,8.99323556551,8,6.34867887321,10,8.06696504769,11,0.005,12,7.44348503527,14,5.14390025219,
0,9.71307662659,1,9.88888069517,2,9.97437466679,3,9.88758623103,4,2.9396069063,5,5.67864078561,6,9.36250279538,7,9.86676634411,8,9.93852714137,9,9.77804243717,10,9.33803385355,11,9.875147368,12,9.71549231425,13,9.87390874346,14,9.74354512787,
13,0.005,
5,0.005,
7,0.005,
0,9.91481974487,4,9.07784781681,8,8.4677083178,9,9.91553195625,10,9.84534625929,
0,9.63435021649,1,4.64829052717,2,0.888268423234,3,6.52426525343,4,3.51121388517,5,2.73866055069,6,6.42189975861,7,9.69011639088,8,9.81966940527,9,2.26538711355,10,5.04345361657,11,9.51922571797,12,9.38311016934,13,7.7269371148,14,0.942443369734,15,9.99851428824,
11,0.005,
0,9.90931362017,1,1.73413989817,2,9.76238402553,8,8.35277723815,9,0.168211001539,10,9.91987576759,11,9.1152788629,12,5.13622871228,13,2.19297155366,14,4.09690654037,15,9.78727585536,
0,9.89200980292,1,9.99227534308,2,9.99032034845,3,9.94700278699,4,9.99286338698,5,9.89497381229,6,9.50954924805,7,8.66562530916,8,3.17072249639,9,9.98818074668,10,9.99738808366,11,9.97300124287,12,9.85275055408,13,9.92974157175,14,9.81997663437,15,7.58724558228,
0,1.94550513598,2,6.42332597282,3,2.76227229022,4,3.93355454148,5,2.66292412517,6,7.9766158876,7,9.03189009092,8,4.68541170091,9,5.78699311027,10,2.99375653915,12,7.76211980092,14,0.005,
0,1.14021672689,1,7.64178004272,2,8.2107784563,3,6.72807080289,4,9.19846097084,5,9.87970709623,6,9.63138673105,7,6.54718130173,8,8.82333818445,9,9.45031601859,10,6.18307884098,11,2.83410867594,12,9.27565235374,14,7.74108981534,15,5.61804341714,
0,7.32183007041,1,8.27066574844,3,8.89786641953,4,8.92709679704,8,7.7515974409,10,6.22767019418,12,8.62155556743,14,9.15023135445,
7,0.005,
15,0.005,
0,9.32457422753,1,5.12112647309,2,4.35199549042,3,9.67533685284,4,5.60016501527,5,9.56575033263,6,5.18951964269,7,9.13337191137,8,9.34953796361,9,6.02547700237,10,6.51112076277,11,9.13632913493,12,3.67822527608,14,1.27840295507,
3,0.005,
0,4.74248496893,1,6.91908369706,2,9.90157854009,3,9.85104962926,4,0.388611171174,5,5.56240275029,6,5.77042874775,8,4.62318771393,9,8.98071305849,10,4.72230978178,11,1.59453305283,12,8.72353621466,13,9.13132726262,14,1.43043390087,
0,4.52882883966,1,8.62355069101,2,9.15049138997,3,4.7535764268,4,9.63918200779,5,9.96525603149,6,7.36318018507,7,9.28441958448,9,9.83355608841,10,9.84947941826,11,9.83327686568,12,4.4806901914,14,6.70545272298,15,4.85551532428,
0,9.92257872553,1,6.06979746601,2,2.7298368471,3,9.94737043622,4,9.92500737261,5,9.99382803622,6,9.70342986981,7,0.0562828717175,8,1.39808576837,9,0.23318407111,10,0.0578236717634,11,1.53983437539,12,7.41026446529,13,9.93136257177,14,3.81272409644,15,9.71635269706,
0,0.704956966676,1,9.70693198896,2,7.28400627036,3,6.6028636998,4,9.89595735126,5,6.03888015917,6,9.70997446344,7,7.21612413502,8,9.98255985529,9,3.70152399179,10,2.11750091817,11,1.44614192077,12,7.25787076241,13,4.03809650003,14,4.43828722903,
0,9.97779309837,1,9.90985986307,2,9.96532629132,3,9.02589383868,4,3.80361971663,5,3.51156753031,6,9.61925532619,7,1.63007151657,8,9.7205848601,9,1.60832232044,10,9.99989125819,11,9.90696017024,12,9.9606317239,13,8.67805952842,14,8.93669372619,
0,3.84996966395,1,3.7625398814,2,9.97159582785,3,8.74859983924,4,9.97688863626,5,9.50339146868,7,8.92899290439,8,9.74646866393,9,9.81751098216,10,9.96978008966,11,9.70490919767,12,6.64483612745,14,8.07948343801,
7,0.005,
7,0.005,
0,2.01849050019,1,1.0297023005,2,6.72445525029,3,9.67476286887,4,9.81639613739,5,9.53411156965,6,7.76737441226,7,6.74167520786,8,6.44665171992,9,7.7248269698,10,8.80972097434,12,7.13485821667,13,7.71694688485,14,7.62321307094,
0,9.57077482193,1,0.6408877877,2,0.338837004357,3,3.1369827394,4,9.99597991316,5,9.88596933062,6,0.955393026087,7,4.44573163056,8,9.91594417783,9,0.250187905331,10,9.06845149564,11,9.90276847514,12,9.99534479254,13,9.26097612737,14,9.68847227564,15,9.92771813538,
0,9.9906043439,1,9.97835687752,2,9.99374133863,3,4.37817720488,4,9.98714255459,5,9.94231440748,6,9.97121003339,7,9.66765534517,8,0.00812396419964,9,0.791215131153,10,9.9645109717,11,9.99859655937,12,9.99898614791,13,9.99209280949,14,7.5828083243,15,9.70434862748,
11,0.005,
14,0.005,
4,9.62152757407,11,0.005,
0,9.83197162181,1,9.91997881216,2,1.64151503532,3,8.93249028541,4,9.93715190172,5,9.42880883341,6,0.872788643549,7,2.47854806356,8,1.21381191136,9,4.54678905844,10,3.90266340267,11,1.47781164992,12,4.91843004882,13,3.22904040234,14,0.581880704333,15,8.9615497714,
1,9.7336184594,2,6.46536908846,4,7.79830741603,8,8.73916321737,9,8.22464764114,12,9.85613362635,13,0.005,14,6.81648700213,
7,0.005,
2,2.30587700169,4,9.80952484531,7,2.9154742322,12,0.005,
0,9.9369502522,1,9.95141463469,2,4.4680974389,3,9.71788966433,5,9.75341557456,6,9.20341890489,7,0.268539693227,8,9.66047610266,9,7.35914641151,11,9.97200903445,12,8.7522494267,13,6.22223398444,14,9.67758862447,15,9.60608138282,
0,9.38585014398,1,0.725105342616,2,3.52481122593,3,1.45521363946,4,2.10575000762,5,2.01079420573,6,9.81359634288,7,0.255954709713,8,2.12535686515,9,2.3691351294,10,0.71674478458,11,6.85856624698,12,4.248335645,13,7.60300527904,14,0.403816437329,15,8.84015360643,
0,9.69836030351,1,4.5419326896,2,9.33555361131,3,9.86513601196,4,9.55182935645,5,9.71514517439,6,9.71274744314,8,9.15202093765,9,9.97197111943,10,1.78435174481,11,5.83523486608,12,9.84376982351,13,9.594021563,14,8.89326370616,15,9.52079046093,
11,0.005,
14,0.005,
0,5.15191251785,1,9.30827373149,2,6.40367786309,3,9.3528559784,4,9.23345064592,6,6.78040331618,8,6.3291505221,9,8.80761657458,10,2.4313312613,11,9.0895707952,13,7.19260135155,14,7.51491896907,
0,9.95694315863,1,9.7933349935,2,9.31199523555,3,8.91719261021,4,9.25712753677,5,7.19177770833,7,9.59852985604,8,3.55048389802,9,9.48178855728,10,9.43833291535,12,7.82306031923,13,9.38154172664,14,9.84020363605,
0,0.265467895293,1,9.19197684342,2,8.76550137448,3,8.86669825162,4,9.69160494382,6,7.21708760279,7,7.00770892814,8,0.874252218845,9,9.66784959698,10,8.82576395016,11,9.83217819543,12,7.38329882481,13,3.33044717636,14,7.67566570081,15,5.13338976943,
0,2.64882407749,1,8.93622558534,2,1.85697784039,3,1.51972658656,4,3.35469022154,5,9.61540878852,6,3.1719134655,7,8.84006771417,8,7.98138586641,9,6.95589178319,10,9.69824547,12,4.32715805988,13,6.40454142086,14,8.77766097188,
13,0.005,
14,0.005,
0,0.923862594937,1,8.88363140024,2,9.46427505337,3,8.53007863104,4,8.92050427095,5,2.77078942729,6,9.92173716784,8,4.31297862621,9,9.94900383511,10,8.18693349554,11,2.47437208851,12,3.34538344664,13,6.29289145838,14,9.70123443193,
0,8.50008377181,1,5.19145883644,2,5.14888846546,3,6.27380848179,4,1.56388110193,5,2.77336965411,6,6.52679111111,7,1.03036759846,8,7.15232120523,9,4.96068322835,10,0.586072635043,11,9.59834838618,12,9.89542843212,13,1.42619971013,14,7.73403885674,
0,1.33442659675,1,3.14764054288,2,7.06501318566,3,8.78305026172,4,1.01175704835,5,0.594419699904,6,9.41960379152,7,8.31883595678,8,7.05508220205,9,8.76416782749,10,7.85393737887,12,9.63139368706,13,9.89831154905,14,8.06174554695,15,7.62119195131,
0,9.72875118175,1,9.71932035052,2,9.70119972761,4,9.49319210447,5,9.99086084894,6,9.75175852005,7,9.75079235104,8,1.34026115155,11,9.13937449343,12,7.43107239979,13,9.75957450167,14,3.18059190744,
0,1.40535007017,1,9.70178310418,2,2.56801675432,3,9.05852164134,4,1.50817086331,5,6.15073244718,6,1.50969832406,7,4.73559935063,8,2.70852025631,10,9.80297089747,12,2.36515266131,13,7.082883366,14,4.65613858544,15,4.96970556747,
0,9.94224055125,1,9.99983836428,2,9.98916119623,3,9.97491000267,4,9.99105202109,5,3.1750341623,6,9.91370709955,7,9.92421077737,8,9.9497732027,9,9.99597191545,10,9.89377245737,11,9.97292603429,12,9.96629142967,13,9.9844509558,14,9.78718460763,15,9.8714254882,
5,0.005,
7,0.005,
7,0.005,
3,0.005,8,9.60554274506,
0,3.43852441448,3,6.69092283554,7,5.97357602562,8,0.005,9,6.54953945744,10,9.64083460895,11,8.8039948045,12,6.45969163867,13,9.31412123257,15,4.02784438262,
0,6.89143772613,1,9.60667147925,2,9.67391675555,3,0.65349434172,4,2.32754652041,5,2.21883642181,6,6.94577193556,7,9.43386427254,8,9.95985184528,9,8.57231786362,10,9.49638274035,11,6.88848765006,12,9.63877976003,13,2.06628971134,14,9.83819404409,
0,8.58482140317,1,3.00986569795,2,9.8998573166,3,0.598303133285,4,0.00872579049483,5,9.86981221914,6,9.97288289436,7,9.52397392975,8,9.98742918214,9,9.50716614505,10,9.92054664226,11,9.97769631196,12,9.86649317319,13,9.68361450816,14,9.92109779441,15,4.88411537104,
4,0.005,8,4.88423717758,11,9.64080112879,
0,6.4573538514,1,0.005,2,5.35172774885,3,0.573796444412,4,1.08994808476,8,7.92999762637,9,7.42211247071,10,6.72704832712,11,9.727833302,13,9.5861500464,14,1.12640731496,
5,0.005,
7,0.005,
0,1.71628532777,1,9.9834742417,2,8.44911840324,3,9.95696438956,4,9.88767940607,5,9.98329681936,6,0.759901521781,7,0.801394972463,8,9.93939566378,9,9.80388504589,10,9.80695773942,11,9.99356417156,12,9.97613885006,13,9.91429953495,14,9.98722920637,
0,3.18899362053,1,4.46110854222,2,9.59822148163,3,4.26279416092,4,4.28289435061,5,9.29306725116,6,5.80500567599,7,3.43469923511,8,9.53373291435,9,8.11036626996,10,3.40357572807,11,3.93673873144,12,6.74710287715,14,3.29516672901,
9,0.005,
0,9.77793390407,1,7.07005295033,2,9.89213406048,3,9.49498308156,4,9.52973170974,5,8.63561333693,6,9.96112339002,8,8.91496244125,12,9.91395165019,13,9.53877138884,14,9.03166939609,
0,1.06105746579,1,9.71163369759,2,7.59229688137,3,8.83613844951,4,8.00092753229,5,9.55820545722,6,8.59918393306,7,8.25349257585,8,9.00217095825,9,9.9265248438,11,9.60846573275,12,7.90993102517,13,7.55292112892,14,9.34531520016,
7,0.005,
14,0.005,
0,9.17991375798,1,4.25246235505,2,9.40769838357,3,9.85746957202,4,0.697251597142,5,2.10541209312,6,9.05787549296,7,8.1726459085,8,9.01803148399,9,9.94474788232,10,3.37403466782,11,8.28433061639,12,9.93010070079,13,9.57597535506,14,9.37389445885,15,8.32537667939,
9,0.005,
1,9.89982677455,9,0.005,
0,9.88737478928,1,9.92964042414,2,2.20494620176,3,1.37871446183,4,3.23891951527,5,9.98168023363,6,0.981460836604,7,9.85500162478,8,9.94703173667,9,9.98016570176,10,4.11501188118,11,2.17296366035,12,9.84386271531,13,9.89011692939,14,9.94424268528,15,7.63581228167,
12,0.005,
0,4.19035237377,1,9.64447220839,2,9.59905666651,3,9.95528345855,4,9.88065465516,5,0.837721215772,6,9.40689661062,7,5.62964732398,8,9.55167119416,9,8.74689828815,10,3.82679649226,11,3.55712035648,12,5.55696923068,
0,2.95456345162,1,3.62671953413,2,3.71537621525,3,3.60944234485,4,9.86233274956,5,4.95177152011,6,8.91711042444,8,6.7785801124,9,9.21076283856,10,9.69563374592,11,8.13719098959,12,9.69325727783,
14,0.005,
6,0.005,
0,9.93912434051,1,9.33037778381,2,9.9002864199,3,3.18870387613,4,0.255366737676,5,9.93681852142,6,9.39569963938,7,9.68944523639,8,9.79164584787,9,9.96678128968,10,9.59643303501,11,9.78685633669,12,9.89846826107,13,8.99376604103,14,9.69338710027,15,9.93041886725,
3,0.005,
7,0.005,
7,0.005,
0,7.07762867005,1,9.76524021176,2,0.005,3,8.87364608747,4,8.30611903104,10,1.58176247609,11,8.80386703847,12,9.99376515665,
0,9.9963666376,1,9.95296091114,2,8.83412838398,3,9.96763289942,4,0.890324128594,5,9.78983661697,6,9.966475457,7,9.96600226491,8,9.93316593462,9,9.99391461167,10,9.92468697447,11,9.8393685806,12,9.9204793261,13,9.85433750253,14,9.98998688156,15,5.9768135136,
13,0.005,
0,9.98355489372,1,0.114914219874,2,9.9388116025,3,9.71621280415,4,9.96948399627,5,9.61398069532,6,9.3018176456,7,9.8955488975,8,8.02746022873,9,9.85950584496,10,9.83330938847,11,9.70431889654,12,9.88886884202,13,9.95842179572,14,6.98364242898,
14,0.005,
0,0.0053965961778,1,9.94310330064,2,9.99827003179,3,4.80141238394,4,9.90719037214,5,3.42956320594,6,9.39949742976,7,3.6345823109,8,9.96744236648,9,0.789509467728,10,9.66877023909,11,8.69465757676,12,9.8361725438,13,1.32626917949,14,9.97872507113,15,8.46358072606,
5,0.005,
7,0.005,
6,0.005,
0,8.7675213237,1,7.18431263646,2,9.96557468923,3,9.99710144637,4,9.9948344488,5,2.1375514137,6,9.76065780658,7,9.91162026569,8,1.83684277263,9,9.91199123366,10,9.56977491654,11,2.57292169662,12,9.95435120911,13,9.77320788707,14,9.58511879594,15,9.60492836903,
14,0.005,
15,0.005,
11,0.005,
0,9.83138790615,1,9.92623956193,2,9.76464062541,3,9.13036183943,4,1.70634831429,5,3.14803465177,6,7.92321589986,7,3.48451774728,8,9.93056540027,9,9.53704851082,10,9.72173681344,11,9.62611970253,12,9.96958073523,13,9.18442937409,15,9.94763788705,
0,4.8991668906,1,0.64857915302,2,9.53453391815,3,6.43427436497,4,7.90843286688,5,9.72353598432,6,6.39641108729,7,9.40746120333,8,3.27175339507,9,7.01963909828,10,9.88225095891,11,9.41413936011,12,8.27509252739,13,9.50595806914,
12,0.005,
0,9.14948161775,1,9.23601911045,2,4.4623040579,3,9.34118560525,4,9.19554836093,5,9.7319128191,6,9.76128991477,8,1.54568750329,9,9.72966830173,10,6.24253548959,11,9.36981637155,12,7.57759794799,14,8.83578771885,
14,0.005,
0,4.37784507639,1,9.6373348986,2,8.67987450091,3,8.4630997745,4,9.50325020029,5,9.00668426702,6,9.01974761726,7,7.6972428273,8,8.64513034059,9,9.4077015565,10,9.15941260672,12,1.24493303363,13,6.63136582103,14,9.86838009236,
6,0.005,
3,0.005,
15,0.005,
0,9.95406837294,1,9.8796091835,2,9.933934565,3,9.94011015727,4,9.97565569198,5,0.720346273264,6,9.70704926087,7,8.48543701489,8,9.80686791157,9,7.87898743029,10,2.7116786829,11,9.24755653723,12,9.72406383552,13,9.44688413764,14,9.88354843442,
11,0.005,
6,0.005,
14,0.005,
0,4.11015251004,1,9.01555592252,2,9.77220129905,3,3.92573399521,4,2.45932963023,5,6.31011320413,6,8.80161337663,7,7.01169341036,8,8.67442375846,9,7.87148974478,10,3.38940855827,12,9.75435733458,14,8.49542357535,
0,0.682337691695,1,9.8910998901,2,9.42872048601,3,9.42325502509,4,0.73553029571,5,3.3257229058,6,9.97048984874,7,9.9663421275,8,8.80161038673,9,1.20248883904,10,1.61949098833,11,5.59762061141,12,9.16111447804,13,7.78186564042,14,8.03301521513,15,1.82087550479,
0,9.81236677713,1,9.99954964692,2,9.9872545637,3,9.58936642545,4,9.99693715339,5,9.54275988795,6,9.98391443084,7,6.44073476169,8,5.20327680358,9,9.67615350131,10,9.93902258727,11,8.64922646664,12,5.58647683393,13,9.8098372173,14,9.68401061304,
0,9.99404276527,1,9.97560735046,2,0.704762563755,3,9.96214080993,4,0.532754045478,5,2.52366681915,6,9.98513000144,7,9.88463082851,8,9.96591367511,9,9.97421634383,10,9.98163197099,11,9.86579981677,12,9.9733606013,13,9.99115337605,14,9.90659375626,15,9.85354031684,
11,0.005,
14,0.005,
11,0.005,
0,2.94311982044,1,2.16284329674,2,9.71884369454,3,8.95112415016,4,0.567251337487,6,6.04101761853,8,9.89023037071,11,6.98813087194,12,9.66952002405,13,7.4329847484,14,9.87251762077,
0,1.52076637841,1,9.98810293513,2,9.92576209751,3,5.53305450361,4,9.54313405474,5,2.24499505678,6,5.3864455718,7,9.44545338861,8,9.55705910268,9,9.72920677798,10,7.89085728374,12,0.237102162295,13,8.39786030301,14,9.90426681514,
15,0.005,
0,4.28837599806,1,2.12287689766,2,9.61342671746,3,9.88321484672,4,9.51642816179,5,7.36542733628,6,9.48447585026,7,9.73863227703,8,9.97102133576,9,6.03577202844,10,0.593111308573,11,9.73165971559,12,9.85838121151,13,9.18499307974,14,9.44098571883,
5,0.005,
0,5.26727503856,1,9.86990556911,2,9.64888989467,3,5.95909544868,4,4.11392747331,5,9.97317794136,6,9.695007853,7,9.92282558032,8,9.465096732,9,8.92408668292,10,5.50011803412,12,9.51515443018,14,5.67086918899,
0,4.92502503547,1,0.594037927359,2,9.9053470082,3,0.128280760893,4,0.0199942852206,5,9.60043358694,6,9.86379672899,7,9.62059309611,8,9.96833146936,9,9.86261030961,10,8.96078112464,11,3.70922389556,12,6.30588086657,13,9.94028576801,14,9.61011464615,15,8.83546627408,
7,0.005,
0,1.98620129305,1,9.80097792153,2,9.90211774423,3,9.18414916716,4,1.88610040027,5,9.54911748622,6,8.87947092478,7,8.44757064892,8,9.88222653655,9,9.78436224932,10,9.90601997322,11,7.0733007797,12,9.60177149176,13,7.21467379705,14,9.35460184922,
1,9.5602826825,3,0.005,4,9.09492594473,
0,6.42113584264,1,9.06751569684,2,9.63099123205,3,8.37439874337,4,8.141995681,5,9.71804517645,6,0.005,7,9.56242323937,9,7.24530287059,10,9.42640940318,12,9.55253567736,13,8.96281185254,15,7.89742267003,
14,0.005,
7,0.005,
6,0.005,
15,0.005,
13,0.005,
0,9.81151403258,1,9.6075482326,2,8.3376606403,4,8.76171079218,5,9.82737070507,6,9.28654103954,8,6.30360094562,9,9.95918537088,11,9.82840043264,12,9.05007584315,15,9.87284686175,
0,9.99752561496,1,9.99821658201,2,9.95853241507,3,0.372733452066,4,2.25752527405,5,8.71388363204,6,9.88609407611,7,7.70416718831,8,9.88510066337,9,9.91035202783,10,5.36999575789,11,4.09034583883,12,4.34644538416,13,8.27690142622,14,3.93644196978,15,9.84895652509,
7,0.005,
14,0.005,
0,3.63717885683,1,8.25929032209,2,6.07387414764,3,0.214964505815,4,8.67357143435,5,3.69653775678,7,2.63163193627,8,3.94821009446,9,6.64977140058,10,9.44935478808,11,4.12261950366,12,8.00278090958,13,9.3023960905,
13,0.005,
7,0.005,
1,8.54455446247,2,4.23074218878,5,7.51416959593,9,0.005,10,9.60009864825,12,4.84935348209,
0,1.12010108484,1,4.42442075858,2,9.3033508631,3,3.70575322875,4,0.709496614403,5,9.15959786298,6,9.82797781018,7,9.06152458428,8,9.29323477992,9,0.607275409255,10,9.98613035371,11,9.63110643341,12,9.43621536423,13,9.90814583775,14,9.76579213628,
1,9.11139262758,3,0.005,
2,0.005,
7,0.005,
6,0.005,
2,7.35392574822,9,0.005,
7,0.005,
0,8.7108090821,1,4.57243763187,2,1.90747387902,3,7.6852271369,4,3.37120435394,5,9.23176346782,6,9.85656334246,7,5.06503324087,8,2.73021520214,9,0.549502956395,10,5.25124192701,11,8.01550305646,12,9.90919072255,13,9.12660776167,14,2.46724838229,15,2.68451903003,
11,0.005,
0,9.82992601525,1,6.83583054354,3,6.93428044114,4,8.22110705495,9,0.005,12,7.03852982317,14,9.91572757778,
0,4.06716062103,1,9.59034871117,2,9.78254052806,3,8.11983570741,4,9.0104974611,5,9.69164043112,6,9.40332666423,7,8.14798297686,8,9.54832019466,9,9.92554752265,10,8.95563944336,11,9.90639699122,12,4.55515199372,13,9.34729982583,14,5.19255604511,
7,0.005,
0,2.09550210892,1,5.54213774412,2,0.359459708326,3,9.32355469291,4,9.72083464712,5,8.86798703501,6,9.63784505465,7,5.43280086098,8,9.99053778114,9,9.92607686258,10,9.70493872053,11,9.57213538523,12,9.94230528805,13,4.65430406229,14,9.56071319718,15,2.30895529037,
0,2.61904709981,1,9.95664500116,2,8.68018141011,3,9.73008265441,4,4.10268694321,5,8.20426677113,6,9.60149259337,7,9.35016076763,8,8.97591067176,9,9.55429056421,10,6.74601528904,11,7.9449525395,12,2.6806662402,13,8.16306008613,14,9.60199846287,
0,2.90240454445,1,9.61859020157,2,2.27938745084,3,9.70357991843,4,9.77472887196,5,9.99666534105,6,9.54639125816,7,9.45213895493,8,8.9280731233,9,6.27933436302,10,7.03806680475,12,6.35191783863,14,9.02230946674,
7,0.005,
0,9.58642388951,1,9.99589299754,2,2.4701635042,3,9.58234115459,4,9.88280063085,6,6.35585793459,8,9.86085234316,9,0.005,10,6.87847952065,12,9.63395625362,15,8.86246662554,
9,0.005,
0,9.01779799065,1,5.52342218971,2,0.211963733076,3,8.35270780579,4,8.74765164606,5,9.61806808492,6,9.2514048409,8,6.93669891769,9,9.13002635231,10,8.30149862329,11,9.98015108929,12,9.46810291134,13,7.05475881036,15,8.78448379792,
12,0.005,
0,9.99611559465,1,7.0734692792,2,7.42702584837,3,8.79750646217,4,5.8236810443,5,9.60126651673,6,5.0159954348,11,9.83307646439,13,9.04383656501,14,9.62276515816,
0,9.99135234455,1,6.56911274938,2,9.49727885182,3,5.13480462345,4,3.56179945735,5,3.02963442215,6,9.85768101092,7,2.99615818634,8,9.96197902726,9,9.57965932192,10,5.56333072003,11,9.35476047353,12,9.59488038675,13,9.60534050296,14,9.77394765443,15,5.2527174736,
0,5.38179767716,1,9.97645552748,2,9.74310779246,3,5.43320715329,4,6.49932414911,5,8.61006135546,6,8.41522675833,7,9.95231571287,8,8.49831645096,9,7.96566807358,10,9.49137728838,11,9.8071849088,12,3.14379542136,13,9.80060394764,15,8.90638103671,
1,9.90350733511,3,8.25525263067,12,0.005,
6,0.005,
0,9.24777102346,1,9.72272761604,2,9.71389803115,3,8.84405294741,4,3.69680489076,5,9.69693137512,6,8.96493090227,7,9.30671663812,8,6.07312107194,9,9.91261260097,10,7.82368906514,11,8.04180412087,12,2.76823264208,13,9.44278599646,14,9.88303305676,
3,0.005,
0,9.99456301109,1,9.99508974966,2,9.96340505162,3,9.9414821963,4,0.237564115704,5,9.82839237538,6,9.79181877729,7,9.79714498486,8,9.97267502922,9,9.98577377706,10,9.95133496934,11,9.92665392532,12,9.89707692895,13,9.83851617803,14,9.92277911886,15,6.8846716045,
0,9.80846142247,1,9.94405539903,2,1.74050406703,3,9.36318817936,4,9.982234257,6,0.838081908489,7,8.73842746679,8,9.96202477805,9,2.88927628669,10,9.92868519645,12,8.6218573368,14,9.94868899885,
0,4.0240797983,2,4.09635967792,3,8.60357791665,4,8.88559079298,8,6.250796182,12,7.92208332624,13,6.59038709654,14,0.005,
0,8.95574045535,1,9.99279162713,2,9.65939228055,3,3.94418823514,4,9.70586615323,5,0.400767594158,6,9.7095105509,7,8.14036116257,8,4.16560287242,9,9.82538019148,10,8.36533981567,11,9.63491756823,12,9.32356909159,13,7.10384807756,15,9.00107224094,
10,0.005,
15,0.005,
2,5.84499261111,6,6.88833798227,9,9.32413933735,13,0.005,
2,6.84602915004,4,3.79411294501,6,7.77110445688,11,0.005,
0,9.51659007024,1,4.88300106218,2,2.41758328199,3,3.61315266538,4,9.89896952945,5,2.88402643849,6,2.07124091352,7,0.719395462019,8,8.96271152169,9,9.99554409521,10,9.58294933343,11,9.55481527259,12,3.42369842529,13,6.57343744899,14,2.19413827878,15,0.431224638537,
15,0.005,
14,0.005,
0,0.178161477199,1,8.42827571533,2,7.21248851004,3,7.73033190799,5,3.11882973092,7,0.617262581127,8,7.30435983194,11,4.84246273937,12,6.24036694448,13,3.33995312373,14,4.20749357194,
0,9.90750866605,1,0.355971780308,2,9.98776594089,3,4.76432879803,4,9.99057657239,5,9.97320768459,6,9.89636926438,7,9.95238484849,8,9.92663552094,9,9.98577215213,10,1.04360397311,11,9.97233767441,12,9.78357937542,13,9.94521013002,14,9.92086123793,15,9.25304755008,
0,9.70354794686,1,3.40063106221,2,5.02471643418,3,1.22390210753,4,9.6044933409,6,3.02372848064,7,4.85251846365,8,8.91579624039,9,9.31347381808,10,9.03806254974,11,9.24888696152,12,3.196004284,13,8.48754499176,15,9.72713737943,
5,0.005,
0,3.34749227098,1,8.46364534856,2,9.40134748215,3,8.866127443,4,9.7111767384,5,3.95365264774,7,9.9764736169,9,3.89159710109,12,9.83808363035,13,7.30953645564,
0,9.77194971519,1,9.05114786367,2,9.92470789021,3,9.92443527565,4,3.67322717825,5,9.94907582182,6,9.90142802694,7,9.87957909751,8,9.94215221916,9,9.43958096395,10,9.88954769345,11,9.8056958224,12,1.95188171002,13,8.91263001611,14,9.86959873733,15,7.53486066974,
13,0.005,
14,0.005,
0,9.94040299447,1,9.7437303569,2,0.13735290636,3,7.37591912572,4,9.56176410528,5,0.412025538686,6,9.34120445909,7,9.51908574711,8,9.08775463203,9,9.71540972713,10,9.91974482133,11,8.7546654008,12,2.38064078042,13,9.1714042434,14,8.95034566598,15,9.78110514144,
13,0.005,
0,2.19862589121,1,9.75487385397,2,9.80016947909,3,7.92024533346,4,5.78622837245,5,4.25206773052,7,2.95730519385,8,8.52112349149,9,8.44564590393,10,2.68592830315,11,9.61910047724,12,9.23132197526,13,9.66617550293,14,9.83464510867,
0,6.75660910258,1,5.41173353359,2,3.04416569822,3,9.84964336987,4,9.84564048758,5,8.69124306998,6,8.08058692333,7,9.03278549889,8,7.67119872114,9,1.71105363258,10,8.26377760679,12,5.54619772369,13,9.45781888712,14,9.75537187309,
0,3.54086155992,1,9.98563347055,2,9.5856164919,3,9.3985977002,4,7.55261303926,5,3.181478972,6,9.73398956468,7,9.98443768812,8,9.68354864668,9,8.91510743669,10,9.35566344486,12,9.71434147151,14,9.49468839699,
0,7.00548554562,2,9.03552502441,3,6.86993997462,4,5.80050051425,5,7.75381677296,6,9.08499688897,7,8.96281591554,8,9.00188310012,9,9.50769161839,10,8.21973523795,12,9.58479444434,13,9.93461427036,
0,9.84848795002,1,9.79570729159,2,8.90543069406,3,8.55177856486,4,9.9373162172,5,2.0099465829,7,9.97663618476,8,9.90622517839,9,9.20885096149,10,9.12747975705,11,9.90608014442,12,9.48516346976,13,9.78013754275,14,9.67634896768,15,8.83417276528,
0,9.83304245258,1,5.63699993129,2,9.81940478581,3,9.67177800129,4,9.98144253135,5,9.4336578139,6,9.8747933005,7,8.70434909854,8,0.0137158008863,9,9.66273008581,10,9.84333803716,11,8.81577263643,12,9.0399648575,13,9.96516078435,14,8.4629823411,15,8.67066574427,
14,0.005,
0,9.48662586947,1,9.29610387569,2,9.86814989942,3,5.26579884561,4,5.89217860011,5,3.94525788697,6,7.18347041231,7,2.71280585797,8,0.0801961413788,9,9.4056046641,10,9.45158523451,11,6.29701875112,12,9.6140429256,13,9.15912448951,14,1.44276690356,15,2.72022338427,
0,9.70069992659,1,9.93089237125,2,9.958344162,3,9.84867720284,4,9.87987891021,5,9.72380491831,6,3.03021150316,7,9.51393141952,8,1.43143247766,9,9.85299431554,10,9.88982005064,11,9.9383630763,12,9.94196779585,13,9.98982611989,14,9.55213363205,15,9.98206475832,
1,6.72603042071,2,8.19561097253,4,6.176439182,5,7.98647244704,8,6.86107200779,12,2.35688395987,13,8.23440518985,
0,9.9735279482,1,2.57460846709,2,9.8996680029,3,9.96950703096,4,9.97417357286,5,9.98270638463,6,9.99305707399,7,9.95528412183,8,9.95235621054,9,9.99283126506,10,8.10053361621,11,9.756021455,12,9.92387290032,13,9.89776540005,14,8.40428995914,15,9.94872001652,
0,2.32410440521,1,9.16230078991,2,9.97491190061,3,7.38310021805,4,8.62785563778,5,2.54785052619,6,9.80969100775,7,6.54379800668,8,9.80265895628,9,9.72117471581,10,8.88184770032,11,9.32597055504,12,8.3983993402,13,4.762940324,
14,0.005,
14,0.005,
0,8.67222889371,1,7.62416230057,2,9.99555630659,3,9.36065352909,4,9.09851269967,6,9.83448246874,8,9.26627935043,9,8.90810357848,10,8.16791407238,12,9.71160962004,14,9.16843798773,
0,7.8367609292,2,9.61800303774,4,9.91441719545,8,9.76517383724,10,0.005,11,9.99601707577,12,8.09447394015,14,7.9374811791,
0,9.24960412399,1,7.58656734403,2,3.67281273539,3,9.29022640647,4,9.25183728504,5,8.26656019502,6,9.95174199925,8,5.60329058142,9,9.79014009807,10,3.73548892077,11,1.59134927043,15,9.85967354097,
11,0.005,
0,9.97989927972,1,9.9209069979,2,9.8925464948,3,3.24986377547,4,9.99385648513,5,9.97317156427,6,9.80374189455,7,9.69523896106,8,9.69581270997,9,9.94712167324,10,9.9343953701,11,9.75160388151,12,4.78073481885,13,9.8378944725,14,9.66270699067,15,9.47106751518,
3,0.005,
10,0.005,
5,0.005,
0,8.25230604145,1,7.66557275298,2,9.95664849599,3,9.49482888653,4,9.91675527391,5,9.96182093571,6,9.07659495088,7,9.85716631468,8,9.27461760295,10,8.86918415705,11,8.64152383846,12,1.35033237327,14,9.28917296227,
14,0.005,
0,2.53961444146,1,3.44336872098,2,9.25164380626,4,3.61382307603,5,4.50472255728,6,8.75095772071,7,0.0671600654153,8,3.76121177478,9,3.87381906303,10,2.93378290535,12,6.17204604434,13,8.72178582477,14,5.25205771891,
0,5.37784222557,1,3.75025758549,2,8.41142811574,3,8.83310060034,4,1.19625962732,5,6.01859286622,6,5.54270001022,7,3.807087613,8,0.211151919062,9,9.68758640242,10,7.14852458401,11,6.31246116771,12,0.472182589612,
15,0.005,
13,0.005,
15,0.005,
0,9.70775541746,1,9.5919327069,2,3.23547978113,3,9.88501383528,4,5.83604009936,5,8.54104111928,8,9.4045912166,10,7.96521410511,12,9.74313809517,15,9.86409264199,
0,6.57757627513,1,9.49846202698,2,2.15035349164,4,7.75356054748,5,8.4262053122,7,5.52644161689,8,4.4809966555,9,8.86443047934,10,7.87916115218,12,0.005,
1,7.60758485926,3,9.74656460155,6,0.005,
0,1.60721367365,1,8.6447444517,2,9.69982652328,3,7.31748257988,4,7.89332703205,5,9.55378897312,6,9.41280043777,7,3.07193529647,8,1.59013962203,9,9.18680237052,10,8.12680847229,12,8.56573309924,13,8.626058181,14,6.88644847377,15,2.29917771058,
2,5.92393236407,13,0.005,
0,9.98730510695,1,1.09680903882,2,9.97769816288,3,9.97981125458,4,9.92458559852,5,9.95517054442,6,9.97659820481,7,9.99842817877,8,9.94046495307,9,9.82937204928,10,9.99360525581,11,9.98700060923,12,9.93550829321,13,9.59762453312,14,9.38715884207,15,5.43453062742,
2,8.23406468334,13,0.005,
7,0.005,
0,9.87941395743,1,9.71111315883,2,8.49056987098,3,0.005,4,2.11443987731,5,9.43497481258,7,8.67166140824,8,9.05419331852,9,9.36859758773,10,6.92875744311,13,9.990497805,14,7.80410913111,
14,0.005,
0,1.9304675825,1,9.73453090087,2,3.2679880722,3,6.02159740949,4,9.85881924614,5,9.33171568625,6,4.67020484954,7,9.57692202218,8,9.96324460896,9,3.20346696424,10,2.15472420489,11,5.55755830349,12,9.05641425151,14,8.75675495739,
0,4.21906271342,1,9.22907898499,2,9.20323303833,3,6.21962723365,4,7.98656306125,5,9.49910962751,6,8.63615373685,7,5.30114851109,8,8.62536062273,9,8.17034143711,10,9.37765940223,12,7.58117781618,13,5.15417639449,14,8.6104924032,
0,9.99178780477,1,3.61229963931,2,1.83721440417,3,7.26310101151,4,0.297991859308,5,9.8651929964,6,0.375313821431,7,6.20565359733,8,0.297061314318,9,3.42276563792,10,9.86109009269,11,2.49582673609,12,9.70204735202,13,1.71681605818,14,8.50492992277,15,8.49302847383,
0,9.95237893372,1,2.15309747405,2,9.99317321513,3,9.84893541778,4,9.96627378486,5,9.98695478934,6,6.76744710732,7,9.59000880896,8,9.98771413315,9,9.97020514347,10,9.91147749277,11,9.93845180065,12,9.89743223593,13,9.79223083247,14,9.85060241652,15,8.52556710948,
9,0.005,
0,9.63823518066,10,0.005,
10,0.005,
0,9.53989198697,1,7.62666101931,2,8.56876080202,4,9.4027499869,5,9.93510254911,8,9.87496737375,10,9.61048914808,12,8.57914443444,14,9.92069507352,
0,6.4970851329,1,7.05581479244,2,0.0331506772733,3,2.28891594401,4,7.92456866209,5,3.45206373902,6,6.03543926245,7,3.17805049335,8,8.04535006924,9,2.28897067663,10,9.88022664733,11,9.78668578652,12,5.5635594373,13,5.17245741516,14,3.5918980836,15,6.42471501476,
11,0.005,
0,9.95530108026,1,1.42406278261,2,2.96564822785,3,9.97483803304,4,4.80296509147,5,9.25893223068,6,9.94670289556,7,9.56323563761,8,9.91564707102,9,9.97094318448,10,9.59489399486,11,9.9219930173,12,3.26928230014,13,8.79194036962,14,9.72653756604,15,9.96529103443,
5,0.005,10,9.32723558366,
0,8.94773711701,5,8.98721926399,10,0.005,
0,5.28616794329,1,9.84775059682,2,9.98347372705,3,8.88789836432,4,0.418105677272,5,4.61831290454,6,7.15566235028,7,2.44796496196,8,3.60639587653,9,9.57359254903,10,6.40327594703,11,9.16471698661,12,9.75167922776,13,9.78331305286,14,8.46853218427,15,3.65717465214,
15,0.005,
0,3.13828616194,1,9.08988393603,2,8.8964874331,4,9.02942290762,5,3.42797869514,6,7.88244082229,7,3.70659048577,8,9.7882548081,9,8.73609200205,10,8.0888766882,11,7.82827836005,12,3.2795670358,14,5.13994562848,15,7.94322005481,
2,9.89656047622,4,9.41072998109,5,9.67236616368,6,0.005,8,6.88553304016,10,8.17477001551,
13,0.005,
0,9.86995390345,1,1.88293886436,2,2.74975549268,3,0.167966746235,4,9.5232866651,5,1.11148754667,6,1.58963931048,7,4.83815568933,8,3.3941490706,9,4.4652462375,10,9.09173070592,11,8.35374652464,12,8.70999248954,13,3.92660106177,14,5.11253929986,15,4.02748606876,
2,0.005,3,4.70586175119,
0,6.56177401977,1,8.41954732204,2,9.97052522508,3,9.98968622734,4,9.9073350037,5,6.74877984997,6,4.82427114669,7,9.43557088109,8,9.66849335881,9,6.51973403802,10,5.96857546814,11,7.63045786879,12,1.62596006915,13,9.98902215244,14,3.9760996222,15,8.03820581152,
0,7.92303662343,2,8.39057175383,3,9.9068312177,6,8.67095108205,7,0.005,8,9.99122294924,
0,9.981264405,1,9.99999109288,2,9.99395684394,3,7.33537785602,4,1.65042752956,5,9.94279322071,6,9.97367940251,7,9.85208021149,8,6.7071021211,9,9.97427778988,10,9.98907740595,11,5.88663097134,12,9.97752849439,13,9.97212992765,14,9.47700557497,15,9.75291599863,
15,0.005,
11,0.005,
0,9.75380669902,1,9.95367627318,2,8.37657179258,3,9.37414379228,4,6.0249799551,5,9.75222250173,6,9.6645152508,7,3.18853351295,8,9.73045542842,9,9.95208909943,10,8.15263569864,11,9.79780342205,12,5.78125158884,13,9.8924492852,14,9.60640070276,15,9.24939070523,
0,9.45011924753,1,8.82495156002,2,9.96625795722,3,8.92588433821,4,9.76804017255,6,2.98652110762,8,2.03949857788,9,8.6205769827,
11,0.005,
0,0.445042489857,1,8.19930964847,2,2.09788546105,3,9.74740491903,4,9.059680695,5,2.25787793897,6,1.30878220238,7,9.19987350196,8,9.10429986713,9,9.92667626936,10,8.15713404423,11,8.73063900955,12,8.10601874057,14,2.65561414322,15,2.1028353651,
12,0.005,
10,0.005,
0,3.35797176127,2,9.72220864923,3,5.05711418604,4,9.46561464149,5,3.90228792465,6,9.49772039546,7,4.10651489738,8,9.65754313639,9,9.41460321451,10,9.40471290101,12,8.24447419666,13,4.96712795035,14,8.62727196975,
0,4.76202795357,1,9.35792818445,2,1.95167415718,3,9.73795885843,4,9.28015826313,5,3.41486661124,6,8.8976020031,8,8.8836725231,9,9.67790377543,11,6.08526438433,12,4.75350472404,14,5.62163954155,
7,0.005,
1,8.7575946617,2,6.22043185556,4,3.93795830847,5,7.37259218505,7,9.54305112487,8,8.96108159457,9,9.14209705581,14,8.42571363018,
0,4.83318678727,1,8.04475065293,2,9.056459364,3,9.0989803355,4,7.63649454556,5,9.75590665141,6,9.99250750373,8,9.62822236797,9,9.89620358516,10,4.10300938375,11,9.65567980637,12,8.24802266729,
13,0.005,
0,9.92454800724,1,6.25837912739,2,6.32263551252,3,8.79055518352,4,0.483312648446,5,9.89478891067,6,9.9394753079,7,2.02521372068,8,4.09037681682,9,9.49573554268,10,0.24423824444,11,0.440583732153,12,0.490115300225,13,5.19953163803,14,8.35336719966,15,9.33204167475,
0,9.96467252758,1,9.85735522455,2,9.96694916961,3,9.97530818533,4,9.92713925366,5,9.9372776831,6,9.95940017015,7,4.10911226188,8,2.64393462442,9,5.48856142809,10,6.80136444401,11,9.82502322048,12,9.99844321082,13,9.78486937714,14,9.99139637486,15,9.78174817735,
10,0.005,
7,0.005,
0,5.78281745463,1,8.25703146787,2,9.25479606602,3,0.296677415443,4,3.93694899653,5,0.826627701812,6,9.89798718977,8,0.317768151983,9,1.7367043507,10,0.658181503088,11,4.79432721842,12,0.701516819099,13,9.09138655863,14,9.36635919753,15,1.75180903138,
2,3.9271691505,10,7.00142740487,12,0.005,
0,1.77104356559,1,9.26610394543,2,2.38215599116,3,8.72876138115,4,6.68503582984,5,0.104235837167,6,3.06082314814,7,7.32305622867,8,2.79377348956,9,8.36433142951,10,0.0805080365247,11,2.23947013639,12,1.03648938433,13,2.32410755228,14,8.21017672817,15,0.45841877638,
0,9.98209595761,1,2.36535550814,2,9.92654345946,3,5.66278779508,4,9.9822780985,5,9.99136146508,6,4.66103562103,7,9.9741500847,8,9.9410684737,9,3.39032144263,10,9.88324279055,11,9.94844791987,12,9.52669609825,13,9.9426052589,14,9.83516294125,15,7.80360036389,
0,0.921738697342,1,9.35607424225,2,1.27356640506,3,9.26043274542,4,9.58244659828,5,9.27262248484,6,6.61509674393,7,9.83477494041,8,8.67331833543,9,3.66942957203,10,6.05558248463,11,8.844576149,12,1.25910821214,13,3.40528269028,15,7.16407652881,
11,0.005,
0,1.82879718981,1,9.52664837813,2,9.83703605756,3,9.96573250643,4,9.8817118467,5,4.8825979983,6,8.33965006271,7,8.15732724282,8,9.91247323055,9,8.56262656262,10,4.26057907032,11,8.878589504,12,2.2556252109,13,8.99574735786,14,9.16590306468,
0,6.38482641975,1,9.99633537682,2,6.24353222173,3,7.61659872266,4,3.17272499726,5,3.14571307075,6,8.55948501702,7,8.41287037347,8,6.04138449452,9,4.85589061834,10,9.80030837543,11,5.46423448299,12,9.62504067937,15,9.7908154608,
0,1.94283419318,1,7.9738219378,2,8.85087528321,3,2.49987676014,4,9.24656502191,5,5.96176158888,6,7.42279677311,7,2.95232003339,8,9.91749525913,9,9.35872824312,10,9.90828445121,12,9.73694301471,14,9.32770218632,
0,1.27198434149,1,9.34713100832,2,6.59328690065,3,3.86422391879,4,9.96526342348,5,8.61543760004,6,8.52058168807,7,9.4560360338,8,9.6892966592,9,8.62694118296,10,9.93404923163,11,9.16116211764,12,9.4922845414,13,9.68903610043,14,9.75213997528,
0,0.599647078255,1,1.93454557776,2,9.82700920967,3,4.1119858369,4,9.68551897848,5,7.45452937474,6,9.56590923315,7,9.44781167164,8,9.86447618091,9,9.87641790089,10,3.03140258056,11,9.49750084013,12,0.689171995775,13,9.49024269711,14,2.98260918861,15,1.85644836381,
14,0.005,
7,0.005,
0,9.90423268285,1,9.97591883823,2,3.52645361225,3,9.79412856902,4,8.98443993905,5,5.41186012412,6,9.9788791569,7,9.58133340218,8,9.98293857696,9,3.63849750127,10,9.46123336686,11,9.95649812569,12,9.40955438534,13,6.66483708862,
9,0.005,
0,9.89776343021,1,2.00515992129,2,9.9890186101,3,9.98605142222,4,9.90055012908,5,9.57031884466,6,9.78530856715,7,9.89398104865,8,9.87663289711,9,9.83858028226,10,6.1074881899,11,9.91718278711,12,9.1845990749,13,9.94283357705,14,9.48815488055,15,6.37417675751,
0,9.16801304537,2,9.92381471496,3,9.75110146048,4,2.32369250155,5,7.56268460644,6,9.46985286958,8,9.52225321441,9,7.51708608422,10,0.005,11,7.53444291129,12,7.37265523137,13,9.8141130699,14,9.58077714599,
1,9.74406502181,2,6.92073802615,3,8.48282699604,4,3.98205156145,6,9.39369438712,8,8.43677301846,9,6.31932399768,11,4.0508878347,12,9.56273034809,13,9.2611690371,
0,2.90839861382,1,3.28093887242,2,7.78084407652,3,4.76869136941,4,6.65225900374,5,6.4564984507,6,9.08223594091,7,7.39298083332,8,8.26449276237,9,9.16468475365,10,3.46541430751,11,9.75143740258,12,6.23088390488,13,9.77020953224,14,7.885956285,
0,2.07532745767,1,9.93479245706,2,9.91184622495,3,1.08865004667,4,9.69749738881,5,3.77120333731,6,9.4705025689,7,3.43964207962,8,9.8294126132,9,9.8972753794,10,7.78102260261,11,8.92244034398,12,7.7488885326,13,9.47907401376,15,8.330620882,
15,0.005,
0,9.97224998384,1,9.82720070708,2,9.90747469317,4,5.17501765927,5,8.51469848205,6,8.42201234119,7,8.68864949203,8,9.40837806816,9,7.4305479276,10,9.50583488251,13,9.964864806,14,9.99951797597,
0,9.98435236729,1,3.34345606313,2,0.770947531915,3,9.27657640353,4,7.97682426593,5,9.14491347206,6,7.21308867184,7,8.35878652753,8,2.39847534823,9,9.62189170037,10,9.38277177064,11,8.00681985772,12,9.15473624615,13,6.79712995015,14,8.8420802128,
10,0.005,
15,0.005,
0,9.60224858745,12,0.005,
6,0.005,
0,4.75190988748,1,9.58924594594,2,9.76938019437,3,9.94514851362,4,9.01898821741,5,9.62891157336,6,5.79792543371,7,8.96651225713,8,9.96046946117,9,5.20588215169,10,8.06003371153,11,9.55329825937,12,5.44722499898,13,9.78566071181,14,9.29419826701,
11,0.005,
13,0.005,
11,0.005,
11,0.005,
0,9.7253139048,1,9.79921725019,3,4.33922071468,4,0.005,5,8.57970474798,8,9.27477177725,11,6.09904434615,12,9.30142625842,14,9.45830897042,
0,9.9882136115,1,9.9822019196,2,9.74382261958,3,9.95489284029,4,9.97094631895,5,2.56282984062,6,8.67919313924,7,0.0191636948604,8,7.69596946464,9,9.15216940134,10,4.28793342794,11,9.27535058659,12,9.76147382857,14,7.65892846561,
0,9.88829943899,1,9.31762757707,2,9.94077217521,3,0.005,4,8.50199026516,5,8.50209971975,6,7.60300039797,8,5.95271631377,12,3.83308700727,14,7.92586275534,
15,0.005,
0,2.28502698818,1,9.92774817045,2,9.93273577324,3,9.99278864915,4,9.95749945483,5,9.48652520507,6,9.70373588228,7,8.88791444219,8,9.85293724803,9,9.8774221013,10,9.49355451312,11,9.33620996768,12,1.93055967346,13,9.2212096975,14,9.84360581346,
14,0.005,
0,0.206235569702,1,1.98502553937,2,5.02676028727,3,0.507892215232,4,8.89751993494,5,3.59193646424,6,9.68191761192,7,4.32277218899,8,8.00229197121,9,4.27103266559,10,4.14666042931,11,3.08838921697,12,0.824285536735,13,7.74851284574,14,9.47498807626,15,1.03991252896,
0,9.99231678878,1,9.77341956171,2,9.95973371916,3,4.88125541611,4,2.86078547461,5,9.84323842649,6,9.85379665185,8,9.79534692402,9,9.77415569654,10,9.2915094965,12,9.80268788776,15,9.57980524743,
0,5.37703872599,1,2.23899286211,2,1.62293507105,3,9.13671447544,4,9.80326653362,5,9.87154451524,6,6.67988697082,7,6.20930970394,8,6.32074454986,9,9.79575146718,10,9.61806473785,11,6.9573353173,12,9.56884486521,13,9.41537065947,14,9.08062784672,
0,7.82751486792,1,1.40409964788,4,9.13285335527,5,9.85853206387,6,9.38396660993,8,8.52731214143,13,5.99024243231,
1,5.10400596837,3,6.94666567403,4,9.14490229041,5,8.67671475225,8,8.15501911553,10,9.72062070988,12,7.67905687163,13,9.36210453558,
14,0.005,
13,0.005,
7,0.005,
0,2.87735471897,1,9.45052171723,2,2.98338370674,3,9.91517581577,4,9.73397070809,5,5.05144782546,6,8.73723607672,7,7.23553997098,10,7.98959915323,11,4.43003510267,13,4.94060595255,14,9.62970697747,15,8.92976574554,
0,7.95590347354,2,0.005,4,7.78597080993,5,8.99743517513,8,5.48020329441,9,8.97585233063,13,8.2504043176,
0,4.5641649979,1,7.35060268531,2,9.20119634073,3,7.97963415822,5,9.13796781084,6,8.68587960394,7,5.75660161943,8,7.41024297011,9,7.28639990414,10,1.67778654335,11,9.42343272407,12,1.91706298256,13,6.13797245467,
13,0.005,
0,9.94067427451,1,9.99326750257,2,9.92897920047,3,9.8810081097,4,9.9474671884,5,9.99181825815,6,4.61414077964,7,5.39006760922,8,5.71315573889,9,4.27533020008,10,0.265793251843,11,7.45334137017,12,7.64103241054,13,6.75899699356,14,9.63895171712,15,9.55410945685,
2,7.30494923929,5,0.005,
0,4.53438985136,1,7.84445661356,2,9.66672055244,3,7.47471986744,4,2.16127765351,5,9.11688235089,6,2.90091369381,7,6.29755450021,8,9.79390956614,9,9.90012555194,10,9.55912170828,11,9.96746960567,12,9.49466962089,13,9.13627052922,14,9.85298042046,
0,9.97742652356,1,6.47427482834,2,9.98181419983,3,9.30729812436,4,9.99179698314,5,9.98202278762,6,8.57218422376,7,9.97340286291,8,9.85310423953,9,3.28558148946,10,0.0487341564494,11,9.84886897674,12,8.86243978678,13,5.59603022243,14,9.92376466741,15,9.86397161953,
13,0.005,
0,9.02063909821,2,8.99886029091,9,0.005,11,9.19068328833,
7,0.005,8,3.85757040905,11,9.89702104351,13,4.14328358016,
13,0.005,
10,0.005,
7,0.005,
7,0.005,
9,0.005,
0,9.80564963307,1,9.85624960131,2,0.0546555562553,3,9.62824841443,4,5.73996720722,5,9.93746709971,6,1.93207573552,7,6.75961350694,8,0.0457252615309,9,0.0682928088502,10,9.5633579133,11,9.78177395769,12,3.32900033483,13,1.10637396625,14,3.91984918397,15,7.56200775521,
0,0.62180014099,1,9.07219922647,2,9.88609346853,3,3.35225896856,4,1.95748479989,5,9.34249982384,6,9.69066564475,7,7.89021552757,8,9.17204520484,9,9.74637952691,10,9.52371979447,11,6.42282996885,12,9.91543963549,13,0.236215115113,14,9.85957845943,
0,8.59371850767,1,9.51820499139,2,9.64621220499,5,9.63316778968,6,7.99786745021,8,4.78395206513,10,6.35624095664,11,9.69146889093,12,9.8583313351,14,9.4312640764,
0,0.281618852693,1,9.97361616198,2,9.79106389666,3,9.50784447057,4,9.94928596196,5,3.97505168661,6,2.10258628461,7,9.13991860198,8,9.73621978155,9,4.89097074418,10,5.26331806713,11,9.47696498955,12,3.78560077601,13,9.69831264848,14,9.63049174619,
0,9.3921239513,1,9.99284447511,2,9.99724222241,3,9.96401287473,4,9.96724089542,5,9.99394564245,6,1.08780103197,7,9.97719535754,8,9.98806708903,9,9.99665973909,10,0.975114728786,11,2.65058797059,12,9.99079486154,13,9.98824799003,14,9.97189818706,15,9.73111995342,
11,0.005,
0,9.88452459502,1,9.87882411121,2,9.69886513332,4,4.22081843276,5,7.60996344579,6,9.88308264738,7,8.73361105734,8,2.87888464293,9,9.64368370505,10,9.97971013177,11,7.4053718022,12,9.97383300258,13,9.90827039128,14,9.12245820596,15,9.4099832973,
3,7.26239509891,12,0.005,
7,0.005,
0,9.97318134172,1,1.14316033736,2,9.99284350948,3,9.91606115751,4,9.9804772227,5,9.93415191493,6,2.92856857135,7,9.95963860632,8,9.99914979818,9,9.93970764754,10,9.99337794918,11,9.9207864472,12,6.99234948184,13,9.9501112692,14,8.63417786933,15,9.94621005927,
0,1.38773756421,1,7.86682258037,2,3.47089301561,3,9.99423502349,4,9.48827438944,5,8.78560978392,6,2.33883979567,8,3.17955269313,9,6.17424894042,10,4.00794272712,11,8.11179961282,12,9.63813036815,13,8.50817463009,14,5.8487948641,
0,9.7295400982,2,6.72291030034,4,8.6876711772,5,8.6106765652,8,7.41530872849,9,0.005,10,9.47770455283,13,9.73102641399,
0,9.99739240664,1,9.91602329056,2,9.99700202556,3,9.88012586696,4,3.52441669243,5,9.97632774212,6,9.90548606173,7,9.72376171141,8,9.99860212135,9,9.78425204841,10,9.72576016182,11,9.98878291264,12,9.99704455488,13,9.57987308463,14,8.36447199036,15,8.39083577376,
0,5.94470189789,1,1.10452717597,2,9.54614160691,3,8.98264332772,4,9.76707284185,5,7.70316424412,6,9.53092115494,7,7.36293381026,8,9.87598430615,9,8.05775318572,10,8.77760216338,11,6.18396453221,12,6.3383702911,13,8.70021015781,14,8.24990731599,
0,9.96204119806,1,0.627972068226,2,9.97623028835,3,9.97408400368,4,9.89935511162,5,9.90389784779,6,9.99622121995,7,9.96474201887,8,9.97331116788,9,9.92204128555,10,9.97417284924,11,9.89885180629,12,7.83206002894,13,9.9963071496,14,9.92754612069,15,9.78984349054,
0,6.25096830147,1,7.1236761821,2,9.56276585856,4,8.57939847486,5,9.68750958693,7,7.44505690492,8,9.32380933814,9,9.06938368688,10,9.69776273985,12,7.63347718595,13,8.85180304555,
0,1.36398152292,1,9.26078828083,2,9.66998990689,3,9.36457552558,4,7.10003549228,5,8.45764949876,6,8.7177470063,8,2.33142201679,9,8.11417889951,10,8.39628809968,11,9.8690545142,12,0.358643649842,13,5.32836215081,14,9.62662486105,
0,1.22466343156,1,9.91463630745,2,9.50493394528,3,9.39383192793,4,9.84613213095,5,7.93996538387,6,9.44927460944,7,8.95308373201,8,9.75685012123,9,9.8470703727,10,0.605219870493,11,9.28404521498,12,5.03632283135,13,8.36604520415,14,9.62778780263,15,4.18761419068,
1,0.005,6,5.94164157884,10,6.80549009994,14,3.0276155515,
1,9.86590915236,3,9.54200704163,5,0.005,8,9.43585710894,
15,0.005,
3,0.005,
15,0.005,
15,0.005,
3,0.005,
0,3.51325548945,1,4.0126027797,2,7.67666282013,3,8.61739745304,4,2.54452866998,5,4.18767440083,7,9.74764342001,8,5.65046032526,9,1.34433116829,10,8.69102381095,12,9.87022662475,13,2.0101170648,14,8.41934323032,15,6.49512381802,
0,1.65375260921,1,9.07736388747,2,9.20061963377,3,8.65264756035,4,9.99546924873,5,2.6923802717,6,9.41313226164,7,4.62720257795,8,8.73298623395,9,5.09416203641,10,9.86166148845,11,3.55070883197,12,9.10057527054,13,3.68658960577,
3,0.005,
15,0.005,
0,0.287686753383,1,3.40466876124,2,9.71412877866,3,8.71513471807,4,7.27931234675,5,9.99004445333,6,9.66743764612,7,9.37782893969,8,9.54429974013,9,9.94988301704,10,9.12749615824,11,8.76981737337,12,9.65793191155,13,9.54655061455,14,7.64190332882,
0,0.333234580283,1,9.88332653099,2,0.387568247861,3,9.85089769338,4,9.85027422147,5,8.40182004309,6,1.46700225202,7,8.52641098546,8,9.82382703887,9,9.67474713061,10,9.27947058797,11,0.363290140278,12,8.88412423629,13,6.57076394571,14,9.16634225972,
15,0.005,
1,8.87940394912,6,5.67909600012,9,0.005,
6,0.005,
0,9.99017392466,1,2.39138836628,2,2.00309976815,3,8.49585285235,4,8.63281798937,8,9.39359424738,9,0.005,10,2.04559834982,11,9.63033057742,12,5.27675909465,
5,3.78761734128,10,0.005,
0,9.43616182232,1,9.9252046137,2,0.830285817348,3,9.97386881901,4,3.43247410065,5,8.85805867827,6,9.30228548707,7,2.84871251619,8,1.84601466708,9,9.97012019036,10,3.3166607054,11,8.84997170705,12,9.66763096382,13,9.93580716933,14,9.8453642483,15,9.95124647912,
14,0.005,
6,0.005,
0,8.11783076091,1,6.56648405565,4,6.31210641108,8,9.45732502758,9,0.005,11,8.57820618379,
0,2.5308258912,1,3.55210470232,2,3.82181654591,3,3.72889080703,6,5.81835376379,7,0.005,8,9.19711451655,11,5.35082211327,12,3.87424534715,
0,8.77783267156,1,0.850764592077,2,2.4522951574,3,1.30021997231,4,5.89503193201,5,6.74550018369,6,2.80784276478,7,9.42490521512,8,1.8729627667,9,9.91971026379,10,1.06421261647,11,9.44178766047,12,8.32782521299,13,8.8575830483,14,8.76538202889,15,9.55453785582,
0,1.9203869342,1,9.53089608649,2,9.86090824929,3,9.95320051611,4,9.37915715343,5,9.96018293254,6,0.626341048305,7,9.44968854708,8,9.9071794327,9,9.69988285328,10,6.99103443987,11,9.46870188266,12,9.8163299854,13,8.65005797863,15,9.8108899095,
13,0.005,
0,5.74020728701,1,9.89685118315,2,9.70153023841,4,9.82602555011,5,8.52845256807,6,5.74520389449,7,8.80530022521,8,9.64820443291,9,6.92696746711,10,9.51962916735,11,9.59662804553,12,9.8482951979,
0,9.8476053063,1,9.9054799771,2,9.85540512201,3,9.96473606453,4,9.93898246645,5,9.94945311435,6,9.89138342643,7,9.62730024878,8,9.9361042583,9,2.45565728627,10,9.89846944211,11,9.33892096235,12,9.7297612978,13,9.98356930669,14,9.69619543333,15,9.80582262989,
0,9.90801045102,1,9.93259683183,2,9.85627441987,3,7.92389757327,4,1.26796133139,5,9.96728067412,6,9.96163272352,7,8.7610429276,8,9.92841832634,9,8.28840897985,10,8.0858996509,11,9.90747967203,12,9.16961890956,13,9.87589226696,14,9.80755847245,15,9.83126130713,
0,7.63716201336,1,8.21314592439,2,4.05429865173,3,8.26041660066,4,9.25872410955,6,9.71369917855,8,9.92788937343,9,4.94608631727,10,7.07777742708,11,8.98448853894,12,6.09290523273,13,7.48287938073,14,7.99794424296,
0,5.27333618359,1,6.7062101633,2,8.10471032917,4,9.05049823849,5,7.55113853932,6,8.43843903405,8,9.36103144393,9,8.384637041,10,9.88135260159,11,8.5022182363,14,5.29135054651,
3,9.82469788215,12,0.005,
3,0.005,
3,9.69476037491,12,0.005,
0,3.57817709951,1,9.92392445988,2,8.91393805924,3,9.79355836582,4,7.54043506421,5,2.91079062829,6,9.96412828108,7,9.49143221361,8,9.52458573,9,9.41079020189,10,8.83445166482,11,5.21103035281,12,5.7923628588,13,9.47755721414,
7,0.005,
1,9.74819991805,12,0.005,
11,0.005,
0,9.93309092507,1,4.74799050493,2,7.33177381493,3,9.93879507989,4,9.8213641717,5,1.11558654895,6,9.9892693865,7,9.83851130477,8,9.90193879735,9,9.90323397551,10,9.96554357453,11,9.98217929063,12,8.55532762164,13,8.73075953679,14,9.83782227183,15,9.86956829278,
14,0.005,
0,4.83952588335,1,9.99004329694,2,9.65745746004,3,0.362255447889,4,9.9385840303,5,0.0272179368529,6,9.94582692405,7,9.9869451187,8,8.41852001853,9,9.99652496872,10,9.97092471977,11,9.99026576461,12,9.98381053122,13,9.89452486835,14,9.83603885724,15,5.40582999881,
